b 323
19 2
61 2
19 3
61 3
19 4
62 4
19 5
62 5
19 6
62 6
19 7
63 7
19 8
63 8
19 9
63 9
19 10
63 10
19 11
63 11
19 12
64 12
19 13
64 13
19 14
65 14
19 15
66 15
19 16
66 16
19 17
67 17
19 18
68 18
20 19
69 19
20 20
69 20
20 21
70 21
20 22
71 22
20 23
72 23
20 24
73 24
74 24
20 25
75 25
20 26
76 26
77 26
20 27
78 27
20 28
79 28
80 28
20 29
81 29
20 30
82 30
83 30
20 31
84 31
85 31
86 31
20 32
87 32
88 32
20 33
89 33
90 33
20 34
91 34
92 34
20 35
93 35
20 36
94 36
19 37
95 37
96 37
97 37
19 38
98 38
99 38
100 38
19 39
101 39
102 39
103 39
19 40
104 40
105 40
106 40
107 40
19 41
108 41
109 41
110 41
19 42
111 42
112 42
19 43
113 43
114 43
115 43
116 43
19 44
117 44
118 44
119 44
120 44
121 44
19 45
122 45
123 45
124 45
125 45
19 46
126 46
127 46
128 46
129 46
19 47
130 47
131 47
132 47
133 47
19 48
134 48
135 48
19 49
136 49
137 49
138 49
19 50
139 50
140 50
19 51
141 51
142 51
19 52
143 52
144 52
19 53
145 53
19 54
146 54
19 55
147 55
148 55
19 56
149 56
19 57
150 57
19 58
151 58
19 59
152 59
20 60
152 60
20 61
153 61
20 62
154 62
21 63
154 63
21 64
154 64
21 65
154 65
22 66
154 66
23 67
154 67
23 68
154 68
24 69
154 69
24 70
153 70
25 71
153 71
25 72
153 72
26 73
152 73
27 74
152 74
28 75
151 75
28 76
151 76
28 77
151 77
29 78
150 78
29 79
150 79
30 80
149 80
31 81
149 81
31 82
148 82
32 83
147 83
32 84
146 84
33 85
145 85
34 86
144 86
35 87
84 87
85 87
86 87
87 87
88 87
89 87
90 87
141 87
142 87
143 87
36 88
73 88
74 88
75 88
76 88
77 88
78 88
79 88
80 88
81 88
82 88
83 88
91 88
92 88
137 88
138 88
139 88
140 88
37 89
71 89
72 89
93 89
94 89
95 89
96 89
97 89
135 89
136 89
38 90
70 90
98 90
99 90
100 90
125 90
126 90
127 90
128 90
129 90
130 90
131 90
132 90
133 90
134 90
39 91
64 91
65 91
66 91
67 91
68 91
69 91
101 91
102 91
103 91
120 91
121 91
122 91
123 91
124 91
40 92
62 92
63 92
104 92
105 92
106 92
107 92
108 92
109 92
110 92
111 92
112 92
113 92
114 92
115 92
116 92
117 92
118 92
119 92
41 93
60 93
61 93
42 94
43 94
44 94
45 94
46 94
47 94
55 94
56 94
57 94
58 94
59 94
48 95
49 95
50 95
51 95
52 95
53 95
54 95
