B 343
5 0 0
71 27 0
34 37 0
1 55 0
25 0 1
78 2 1
41 6 1
0 33 1
56 57 1
63 78 1
69 43 2
37 76 2
61 3 3
67 25 4
3 78 4
76 77 6
46 44 7
76 58 7
47 23 8
53 17 9
18 22 9
2 46 9
77 17 10
56 16 11
0 11 12
8 1 13
20 60 13
74 1 14
51 4 14
0 62 14
64 13 15
41 28 15
41 26 16
42 27 16
43 28 16
35 6 18
54 71 19
36 33 25
5 36 25
3 75 25
50 15 28
66 39 29
20 78 30
74 3 31
3 57 31
78 78 31
43 62 32
46 9 33
67 7 34
43 63 34
0 20 35
19 41 36
49 14 37
77 68 37
39 53 38
0 63 38
70 67 38
79 2 40
19 65 41
20 13 43
1 32 44
3 69 45
75 69 45
50 4 46
78 2 47
38 35 47
46 19 50
4 48 50
79 37 51
51 70 53
68 11 54
54 34 54
31 62 55
78 62 55
21 42 58
65 51 58
10 62 59
79 18 60
71 32 60
4 30 61
2 6 63
24 76 63
79 68 64
78 39 65
78 44 65
43 48 65
37 26 66
11 60 67
34 6 68
78 42 70
52 11 71
17 20 72
56 32 72
5 45 72
69 72 72
17 3 73
1 62 73
0 79 75
25 59 76
76 29 78
47 68 78
72 6 79
0 16 79
62 51 79
14 78 79
24 38 80
77 57 80
15 79 80
33 31 82
4 1 83
32 31 83
34 40 83
52 79 84
0 15 85
36 3 86
6 32 86
24 33 86
39 22 88
43 46 88
8 73 88
63 24 90
76 48 90
52 5 91
6 53 91
55 79 91
30 74 92
17 10 94
61 64 94
63 52 95
75 75 95
66 70 96
62 71 98
77 36 99
21 39 100
61 44 100
2 21 101
22 59 101
48 32 104
37 7 105
53 16 105
75 57 106
4 65 106
45 5 108
17 77 108
32 25 110
13 25 111
39 49 111
6 45 112
5 9 113
78 77 114
7 0 115
51 72 115
71 9 116
52 30 116
71 34 116
14 41 117
2 78 117
45 5 120
23 10 120
51 13 121
46 10 122
37 29 123
22 38 123
61 52 124
76 63 124
28 17 127
60 21 128
8 22 130
44 40 130
2 41 130
41 57 131
16 65 131
37 3 133
33 23 133
3 4 134
74 30 135
5 40 135
56 2 137
48 14 139
26 54 139
76 51 140
66 71 141
13 39 142
56 31 143
20 9 144
32 47 145
41 70 145
1 29 146
2 52 147
8 79 149
76 53 151
15 60 151
68 11 152
16 59 152
41 4 153
79 29 153
2 72 154
26 76 154
54 52 155
11 59 155
3 9 157
12 25 157
36 26 157
21 62 158
48 78 158
18 1 161
20 43 161
76 76 161
13 64 162
63 44 164
28 18 165
72 58 165
62 72 165
3 44 166
35 62 166
10 77 169
20 11 171
34 79 171
26 32 173
70 36 173
48 66 173
54 5 174
29 20 175
50 22 176
4 3 177
32 22 177
9 30 177
44 42 177
55 59 177
5 66 177
31 1 179
77 9 179
27 32 179
23 71 180
49 74 182
70 75 182
20 48 183
38 12 184
38 28 185
7 14 186
3 47 188
17 3 189
64 16 189
68 59 189
3 19 190
23 24 191
68 1 192
51 30 192
78 49 192
43 1 193
76 28 195
13 76 195
32 77 195
3 26 197
65 42 197
3 1 198
76 72 199
42 57 200
1 73 200
49 11 201
29 6 202
10 10 202
21 42 202
14 60 202
79 14 205
77 37 205
53 0 206
73 39 207
68 6 208
62 26 209
14 28 209
68 59 210
57 76 210
37 29 211
72 38 212
77 39 213
3 47 213
6 2 214
74 33 214
76 39 215
77 41 215
79 1 216
2 26 216
71 40 217
56 43 217
72 79 218
2 11 220
22 50 220
48 73 220
20 11 221
21 73 221
76 74 222
61 75 223
75 18 224
45 66 224
69 25 225
2 67 226
70 25 227
75 53 227
49 10 229
63 31 229
63 68 230
29 20 231
9 35 231
41 41 233
76 3 234
78 36 234
13 7 236
6 13 236
22 25 236
11 59 236
32 60 236
57 62 236
18 3 237
5 56 239
49 58 239
46 76 239
2 1 241
28 23 241
23 36 242
67 46 242
76 65 242
3 49 243
5 74 243
79 79 243
21 45 244
53 64 244
65 76 244
74 20 245
56 28 245
66 3 246
7 28 246
21 67 246
39 22 247
50 56 247
25 6 248
25 15 248
46 43 248
79 45 248
44 0 249
13 35 249
62 63 249
40 71 249
