B 368
79 50 0
79 74 0
57 0 1
51 35 1
3 37 1
53 13 2
5 76 2
33 77 3
71 5 4
22 12 4
2 53 4
41 1 5
2 5 5
26 50 7
12 63 8
33 34 9
59 65 11
42 24 13
7 27 13
6 68 14
18 74 15
79 78 15
58 5 16
69 30 16
50 8 17
43 45 17
25 68 18
28 75 18
75 1 19
5 47 19
39 48 19
2 11 22
26 70 23
24 31 24
20 73 24
55 3 25
1 18 27
45 45 27
25 56 29
0 0 30
26 8 30
4 22 31
1 76 31
56 78 31
76 66 32
44 26 34
72 40 35
5 60 35
72 36 37
54 8 38
8 40 38
0 9 39
25 35 39
59 60 39
73 5 40
60 24 41
28 40 41
43 55 41
54 70 41
31 39 43
78 41 44
71 43 44
37 54 44
75 22 46
27 31 47
8 19 48
17 54 48
53 61 48
72 79 48
67 64 49
5 2 50
1 38 51
49 39 51
66 65 51
30 73 51
43 16 52
42 1 54
60 4 56
24 10 59
62 24 59
10 35 59
74 66 59
4 54 60
3 74 62
77 1 63
79 19 63
32 51 64
69 42 65
54 59 66
2 7 67
31 28 67
0 38 67
69 75 68
73 77 69
11 22 73
50 35 74
79 40 74
46 12 75
14 65 75
60 1 76
70 14 76
61 76 76
79 40 77
11 44 77
35 7 78
69 55 78
25 4 80
38 67 80
78 70 80
71 42 81
68 43 82
22 79 82
68 63 83
64 10 84
1 1 85
69 34 86
70 56 86
1 68 86
7 11 87
29 30 87
30 50 88
44 68 89
78 47 90
38 78 90
46 1 91
60 6 91
2 13 91
8 56 93
54 62 93
40 15 95
24 73 95
64 74 95
77 78 95
21 14 96
12 3 97
10 35 97
48 40 97
58 21 98
73 65 98
5 1 99
75 4 99
76 24 100
50 74 101
64 56 102
1 16 103
7 74 103
13 1 104
30 3 106
58 4 106
46 58 107
62 65 107
30 28 108
43 66 108
46 19 109
32 78 109
69 42 110
50 57 110
1 44 111
54 61 112
36 7 113
68 11 113
72 78 113
60 34 114
51 68 114
14 12 115
62 68 115
52 30 116
5 31 116
23 56 116
41 14 117
50 47 117
4 1 119
46 8 119
41 5 120
77 20 120
3 71 122
55 3 123
33 43 124
60 7 125
41 76 125
45 62 126
72 64 126
20 29 127
28 3 129
64 21 129
79 42 129
40 37 130
60 78 130
4 20 131
79 41 132
50 60 132
5 43 133
16 75 135
48 0 137
73 5 137
62 42 140
5 62 140
33 68 140
44 15 141
6 2 142
18 14 142
28 50 143
38 47 144
27 32 145
20 52 145
56 73 145
70 33 147
0 50 147
0 51 148
78 48 150
70 62 150
54 13 151
7 33 151
0 49 151
45 56 151
53 12 152
52 13 153
39 43 155
5 73 155
17 73 155
27 4 156
46 29 156
44 48 156
41 75 156
1 78 156
71 78 156
74 25 157
44 39 157
66 47 157
2 72 157
62 0 158
58 12 159
34 22 159
62 6 160
41 12 160
1 14 160
51 61 160
16 18 161
52 31 162
62 48 162
9 56 162
30 61 164
57 67 166
45 4 167
27 38 167
76 68 167
45 17 169
9 78 169
14 4 170
71 7 170
30 78 171
75 49 172
6 36 173
3 77 174
30 13 175
59 72 175
1 1 176
75 5 176
59 19 176
60 70 176
33 71 177
79 16 179
19 68 179
73 32 180
41 71 180
7 15 181
33 69 181
49 46 183
38 1 184
57 3 184
3 64 184
17 3 185
20 50 185
17 78 185
28 32 187
24 23 190
76 1 191
2 3 191
70 14 192
21 16 193
74 49 193
65 72 193
44 17 194
79 29 195
1 79 195
7 37 197
6 14 199
64 33 199
5 78 199
28 4 201
8 1 203
30 39 204
5 48 204
29 68 205
78 6 206
49 24 206
54 55 207
79 43 209
30 3 210
5 56 210
72 21 211
59 4 212
72 57 212
17 24 213
2 17 215
3 74 215
50 30 216
14 3 219
18 47 220
41 49 220
36 12 221
11 45 222
55 70 222
70 79 222
12 44 223
79 55 224
60 49 225
74 35 226
12 64 227
74 69 227
65 18 228
28 35 228
6 38 228
2 4 229
35 4 229
0 64 230
34 29 231
78 9 232
50 10 232
57 41 232
37 75 232
15 16 233
30 57 234
25 51 236
38 58 237
32 17 238
5 76 238
35 2 239
55 32 239
73 52 240
37 19 241
49 60 241
62 56 242
76 79 242
10 3 243
68 66 243
61 75 243
66 11 244
29 17 244
43 18 244
39 43 244
13 58 244
5 21 245
18 38 245
78 38 245
1 53 245
65 58 245
79 68 245
23 73 245
23 17 247
68 61 247
44 76 247
59 47 248
0 40 249
4 74 249
72 75 249
7 76 249
65 76 249
