B 354
65 1 0 53
71 39 0 4
71 22 1 312
78 51 3 213
78 59 3 195
77 76 3 306
5 77 3 556
56 13 4 188
49 19 4 2648
48 40 4 2287
3 42 4 665
78 12 5 406
13 0 6 84
20 17 6 10509
32 79 6 57
78 0 7 11
54 2 7 542
1 7 7 864
67 9 8 2375
1 58 9 348
45 23 10 6
23 56 10 21818
38 4 11 1902
57 69 14 19200
40 28 17 4420
6 32 19 4642
9 53 19 4
5 73 20 2476
53 10 22 3986
5 56 22 486
68 35 23 27544
36 36 23 619
4 49 23 555
78 78 23 129
40 49 24 789
45 56 24 17
23 76 24 2066
72 4 26 2409
38 27 27 299
1 17 28 287
22 37 30 3165
3 54 30 369
49 47 32 971
75 64 32 1799
42 55 33 1811
38 45 34 1002
22 61 35 3560
23 11 36 24860
1 1 37 190
2 28 38 732
23 38 39 17
48 58 39 11
4 65 39 2562
54 2 40 1251
41 31 40 2361
50 15 43 1653
5 44 43 2846
47 72 43 229
57 67 44 5216
71 6 46 2904
57 29 48 2429
79 58 48 163
46 63 48 714
47 73 48 257
69 47 50 3721
34 59 50 1565
72 13 51 800
24 38 52 5911
62 61 52 160
65 64 52 12
74 28 53 2488
14 59 53 2659
6 25 54 2979
62 68 54 136
50 71 54 422
56 65 56 319
4 4 57 1561
27 75 57 9173
47 45 58 5813
41 53 58 10
40 22 59 4724
38 4 61 1535
53 35 62 6
57 8 64 3993
59 29 65 2728
7 41 65 2205
72 70 65 6147
21 16 66 3514
3 58 66 1612
20 1 67 523
28 56 69 5817
2 76 69 548
74 4 71 2850
78 25 71 573
68 54 71 328
66 46 72 3431
79 53 72 103
50 64 72 5259
28 34 73 3620
66 79 73 6147
1 12 74 624
0 43 74 0
5 0 76 36
40 1 79 448
9 27 80 4160
47 41 81 5472
43 18 82 5966
11 70 82 4693
56 3 83 1860
67 20 83 5012
78 45 83 100
58 77 83 1561
8 49 84 4046
77 72 84 360
65 61 85 2021
65 44 86 116
34 71 86 4620
76 78 86 211
21 7 87 7140
63 68 87 68
34 53 88 850
77 69 90 183
78 32 91 284
62 55 91 38
1 3 92 221
0 73 92 117
25 35 93 3554
66 62 93 635
77 75 93 266
5 17 94 1087
65 40 94 4462
49 65 94 1288
51 75 95 15
24 55 96 3615
77 57 96 276
77 49 97 349
14 4 98 3
42 4 98 2307
57 12 98 1621
7 61 99 2435
21 75 101 1772
36 20 102 2903
52 27 103 3346
17 20 104 2417
43 45 104 8178
78 53 104 129
42 68 104 1157
8 41 105 5988
8 5 106 2160
66 71 106 6257
47 59 107 22
73 7 108 7701
74 30 108 2158
15 61 109 277
60 26 110 1032
19 56 110 116
45 59 110 4557
5 77 110 1006
1 22 111 486
42 74 112 2871
27 6 113 4735
53 7 114 2283
53 68 115 4557
42 24 116 441
26 34 116 3773
78 59 116 419
65 48 117 7418
59 14 118 18
18 55 118 6463
64 18 121 769
12 18 123 4001
48 35 123 2281
4 36 123 1045
45 53 124 2009
41 1 125 469
37 19 126 3332
4 3 127 1678
21 65 127 13351
76 26 128 2300
2 75 129 831
53 9 131 2181
18 33 131 1264
17 41 132 445
38 78 133 495
70 68 134 10042
60 26 136 3363
24 6 137 4862
36 42 138 4830
78 48 138 724
46 66 138 3537
2 25 139 1901
15 34 139 1266
3 48 140 2137
12 77 141 666
71 8 144 7823
18 78 144 140
45 2 145 1162
23 53 147 22
4 68 147 1657
30 73 147 2426
58 47 148 10516
10 59 148 18
5 5 149 2104
15 20 149 3067
41 21 150 10017
35 66 151 1
52 76 151 1199
31 31 152 3
35 53 152 1573
24 38 153 3132
18 58 153 3662
78 75 153 392
39 59 154 364
76 54 158 955
66 68 158 3045
5 39 159 2617
43 62 161 2704
14 76 162 1536
38 51 163 1151
38 77 163 1214
24 7 164 5676
72 31 165 9180
1 76 165 273
59 3 166 2385
55 17 167 2262
31 28 167 782
0 71 167 4
37 17 168 301
1 20 168 392
13 25 169 3187
48 37 169 4702
59 54 169 1917
6 1 170 734
79 4 170 221
7 62 170 4219
67 71 171 15
27 67 172 3806
11 16 174 2
52 69 174 2164
61 71 174 295
53 77 174 1243
24 44 175 6128
74 73 175 2179
42 8 176 3008
42 23 177 414
11 10 178 1165
4 42 180 3549
22 1 181 165
69 11 181 3439
72 55 181 2410
7 14 182 2
27 19 183 3873
1 4 184 217
55 25 184 2496
70 36 186 1424
78 22 187 425
17 73 187 2093
36 75 188 2154
5 22 189 2862
78 69 191 450
69 40 192 1035
46 52 192 16751
2 69 192 3007
34 4 193 2020
53 7 193 3465
14 6 194 2356
18 55 194 3716
25 38 195 1613
10 49 198 2
72 4 200 1928
1 9 200 179
67 21 200 4225
18 23 201 2217
24 28 201 26
41 24 202 8843
72 55 202 4498
62 74 202 9644
75 28 203 4
74 29 203 4
78 35 204 926
5 43 206 4680
61 39 207 1882
4 21 208 1372
54 41 211 25
5 6 212 1009
24 7 212 4576
60 43 213 238
27 45 213 4712
78 70 213 276
25 71 213 14878
59 37 214 194
77 13 215 1435
50 62 216 3200
78 48 218 482
4 62 218 2166
68 26 220 2435
54 7 221 12990
33 16 221 0
42 58 221 0
68 63 221 3718
14 30 222 4922
1 24 223 175
2 77 223 356
79 0 225 26
46 36 225 5920
33 59 227 465
23 1 228 165
10 8 228 3006
7 36 228 13
15 54 228 1886
38 54 229 1829
25 40 230 162
51 74 230 3740
31 18 231 5061
39 36 231 46
59 18 232 10
55 55 234 3777
78 61 234 722
71 41 235 5894
8 70 235 2912
70 74 236 1535
0 10 237 142
61 24 237 2430
4 45 237 5681
23 30 239 45
19 37 239 204
27 40 239 4791
76 16 240 2228
45 17 241 1610
34 78 241 612
72 1 242 687
11 23 242 4049
62 57 242 5
26 62 242 3026
30 5 244 2732
51 39 245 3169
3 77 245 246
69 58 246 1509
45 66 246 1988
6 5 247 745
48 16 247 18
31 24 247 981
60 12 248 1030
78 33 248 53
35 50 248 182
9 64 248 404
59 65 248 41
61 70 248 45
77 73 248 202
20 77 248 131
57 78 248 71
1 27 249 16
78 44 249 36
14 45 249 100
