B 106
61 63 7 8
61 69 13 2194
33 42 15 3603
57 22 18 0
19 24 21 3287
12 52 23 3778
65 17 28 5763
46 41 28 1519
13 10 33 2204
28 37 34 2562
44 24 39 5709
20 23 46 3897
66 39 48 5177
39 9 49 586
23 45 52 4588
45 44 56 4632
3 53 56 16
54 26 58 829
21 65 60 3290
42 22 61 3565
59 30 61 7
58 30 63 7
47 66 64 1834
15 32 66 2357
63 35 66 1272
34 54 71 2707
61 16 73 8066
21 31 73 6
13 3 76 11
23 69 78 1725
13 5 79 20
17 50 79 2546
34 30 86 21942
60 26 92 1898
12 12 94 3812
46 54 97 2913
49 21 103 733
11 39 103 1
64 41 103 3461
28 52 107 3279
53 25 108 447
55 65 108 1614
52 15 109 909
17 36 109 2487
39 70 110 2495
28 28 111 513
43 40 111 2552
53 10 113 478
58 20 113 0
63 24 114 1547
32 21 115 2886
57 52 121 5150
12 64 122 5810
27 45 126 2575
35 63 126 2767
19 27 130 4535
43 29 130 3673
4 38 132 2
32 46 132 12
66 63 137 3521
59 39 138 2866
40 46 139 2584
15 55 142 2122
25 40 144 2058
48 63 144 2938
28 16 146 3631
30 58 153 4166
11 56 159 1948
69 21 161 3202
45 36 162 24472
70 27 169 5
23 64 171 3538
56 11 172 2607
10 20 172 3288
29 58 177 2
28 59 178 2
42 58 179 9
40 8 181 1425
24 31 181 2842
38 14 184 1363
34 54 185 5058
53 39 189 3285
69 50 190 1809
22 13 191 1884
12 46 191 1855
60 19 192 4382
27 56 193 5
54 58 195 3039
36 32 197 3040
41 53 198 5228
37 52 199 21
19 61 199 3784
74 70 200 4
28 8 207 273
62 35 209 6480
38 50 209 5228
16 32 210 13923
8 46 212 13
65 59 215 5760
21 62 222 7162
45 34 224 4385
47 60 226 3073
68 38 231 4594
25 41 233 3492
64 57 236 2396
50 7 244 4
