B 592
46 64 0 84
78 4 1 113
59 7 1 497
47 21 1 97
50 29 1 198
26 47 1 345
76 77 1 123
70 78 1 70
65 41 2 2096
61 65 2 775
10 66 2 1308
4 49 3 631
28 76 3 974
24 4 4 1305
67 60 4 11
18 62 4 48
6 5 5 1262
43 49 5 293
45 26 6 2204
42 44 6 215
11 58 6 128
13 28 7 3696
3 42 7 1023
48 42 7 41
49 53 7 463
63 66 7 585
46 77 7 573
45 2 8 1557
27 11 8 69
17 60 8 107
5 69 8 1099
31 20 9 609
45 45 10 41
77 64 10 2398
17 67 10 346
62 77 10 667
34 16 11 268
77 41 11 888
57 13 12 1488
25 18 12 997
8 61 12 383
12 71 12 399
72 32 14 971
71 41 15 84
75 36 16 1
48 63 16 4844
54 51 17 1908
27 77 17 26
1 3 18 328
6 9 18 43
10 17 18 1565
77 29 18 317
20 77 18 1037
72 26 19 47
70 40 19 9
25 3 21 1921
72 12 22 4521
74 28 23 47
75 43 23 523
77 34 24 340
37 52 24 26105
72 54 24 12
10 13 25 1309
9 23 25 32
31 27 25 19
72 34 25 103
70 58 25 104
3 65 25 1328
55 5 26 3217
29 16 26 457
66 52 27 12
76 53 27 234
54 24 28 4615
78 5 29 4
9 40 30 13322
71 50 31 678
65 77 31 754
31 22 32 3644
75 54 33 26
65 63 33 795
75 77 33 574
77 2 35 323
13 67 36 1392
2 6 37 946
77 45 37 288
75 64 37 2690
17 14 38 16
18 15 38 16
16 16 38 16
15 3 39 1480
67 49 39 1357
75 56 39 42
38 2 40 1092
67 7 40 1550
77 11 40 132
75 52 40 34
70 60 40 44
8 78 40 940
20 14 41 653
78 53 41 35
72 54 41 34
63 56 41 261
70 78 41 56
61 14 42 97
14 21 42 1491
60 9 43 1550
68 24 43 3298
77 27 43 331
25 66 43 334
21 17 44 17
58 18 44 42
45 27 44 33
66 59 44 299
39 10 45 3184
78 14 45 717
51 5 46 740
5 19 46 1491
76 33 46 51
20 71 46 58
27 1 47 226
27 37 47 3274
73 48 47 289
1 78 47 90
27 4 48 129
61 11 48 160
14 15 48 653
62 32 48 17
55 47 48 1764
52 71 48 5592
12 23 49 269
76 51 49 604
20 66 49 257
28 73 49 2990
48 0 50 8
78 25 50 42
49 45 50 43
75 59 50 376
2 29 51 833
46 30 51 2396
48 45 52 1764
28 64 52 586
6 5 53 1081
62 29 53 407
75 31 53 405
10 0 54 7
28 5 54 190
46 13 54 89
40 16 54 14
69 74 54 1646
54 2 55 125
68 16 55 5186
30 27 55 10
5 59 55 9360
51 9 56 238
29 52 57 1688
3 22 58 15
40 6 60 3720
26 22 60 2491
47 47 60 525
72 78 60 189
72 27 61 478
8 9 63 7
45 42 63 394
47 53 63 648
63 68 63 1646
71 69 63 787
76 4 64 633
76 56 64 1119
40 71 64 1417
76 37 65 333
27 55 66 5
7 18 67 4784
69 76 67 349
37 0 68 5
71 1 68 16
25 77 68 1030
74 7 69 174
42 26 69 2850
43 51 69 979
3 2 70 749
21 5 70 2051
45 43 70 513
75 32 71 468
74 41 72 1146
23 25 73 445
63 59 73 2086
76 2 74 244
59 37 74 1598
8 1 75 24
8 78 76 192
26 79 76 11
45 8 77 2367
26 59 77 7957
65 19 78 5142
37 9 79 5
37 60 80 137
5 68 80 1626
9 11 81 134
8 16 81 1759
24 23 81 2565
2 46 81 1082
76 57 81 1198
66 76 81 2255
30 3 82 139
31 9 82 106
51 9 82 9
10 16 82 14
5 29 82 831
45 74 82 3008
65 2 83 1257
37 39 83 2661
49 56 83 2485
4 11 84 23
16 42 84 534
32 64 84 36
25 2 85 97
8 33 85 3
29 37 85 12
68 43 85 1500
21 48 85 11
22 2 86 3
30 0 87 13
11 11 88 1759
32 38 88 19
77 59 88 38
1 78 88 110
23 2 89 23
29 8 89 1451
45 36 89 1
17 74 89 1595
1 19 90 452
79 57 90 1198
25 1 91 27
76 26 91 1593
54 33 92 2702
70 42 92 238
69 48 92 23
15 69 92 10
78 2 93 235
53 14 93 2543
16 40 93 4794
75 50 94 13
7 58 94 959
1 58 95 521
38 62 95 1647
1 77 95 93
3 3 96 623
48 38 96 11
2 67 96 45
57 51 97 1723
71 55 97 113
1 42 98 331
64 67 98 2382
41 44 100 2162
49 73 100 1091
47 78 100 85
18 10 101 953
75 50 101 2126
26 1 102 73
5 53 102 31
5 61 102 550
25 12 103 72
73 54 103 103
29 69 103 488
32 1 104 316
37 14 104 4194
9 75 104 1419
29 76 104 1349
6 27 106 3246
18 13 107 733
34 32 107 7
72 76 107 16
33 46 108 4567
55 56 108 73
56 3 109 3076
5 4 109 1465
0 79 109 6
60 62 110 92
27 70 110 339
46 40 111 553
46 47 111 352
26 76 111 194
37 36 112 985
10 50 112 7
59 55 113 21
4 50 114 1825
73 55 114 73
53 63 114 3158
65 24 115 30142
71 73 115 3038
76 53 116 18
61 57 117 43
17 21 119 1966
11 42 119 138
5 0 120 3
70 55 120 1315
50 58 120 282
70 76 120 1
35 24 121 3502
20 38 121 2367
14 47 121 135
75 60 121 19
48 4 122 140
19 47 122 201
35 46 124 25
3 24 126 1776
11 39 126 103
51 28 127 8
15 45 127 141
9 6 128 2980
76 40 128 14
33 49 128 35
55 68 128 14
28 1 129 389
73 41 129 25
20 42 130 137
40 48 130 1960
14 72 130 13256
77 3 131 361
45 8 131 4507
47 48 131 57
58 74 131 2927
33 52 132 45
4 53 132 1269
33 47 133 51
76 77 133 724
46 28 134 2048
28 35 134 12
44 44 135 205
76 44 135 1474
72 63 135 1770
26 15 136 3758
0 1 137 3
37 48 137 23
42 66 137 1657
10 50 139 37
62 16 140 2829
25 35 140 1828
69 36 141 111
57 58 141 1768
47 69 141 7
51 1 142 84
56 1 142 31
5 38 142 3046
19 58 142 23
61 37 143 4269
26 56 143 2851
46 77 143 0
18 2 144 738
78 29 144 445
45 79 144 3
56 0 145 5
58 3 145 21
6 17 145 3260
72 53 145 6
19 55 145 34
48 2 146 30
28 38 146 27
71 52 146 6
76 55 146 338
28 10 147 43
72 52 147 6
29 4 148 244
52 5 148 23
45 49 148 1404
72 50 148 6
66 78 148 516
33 0 149 168
38 7 149 1058
76 58 149 19
73 60 149 14
54 1 150 406
27 13 150 6
31 43 150 425
1 68 150 352
77 6 151 976
28 37 151 62
78 59 151 0
75 60 151 14
31 13 152 37
44 27 152 3609
75 53 152 330
79 58 152 3
46 75 152 1719
28 15 153 37
76 36 153 373
30 48 154 32
10 50 154 258
79 55 154 8
78 57 154 10
40 8 155 95
42 5 156 95
27 7 156 636
12 69 156 3533
29 0 157 72
20 26 157 3875
31 41 157 1080
40 1 158 123
70 39 158 537
18 48 158 830
75 46 159 187
62 65 159 7516
77 78 159 256
55 43 160 1992
37 60 160 4974
35 11 161 2430
8 44 161 1814
4 55 161 1526
66 6 162 2461
13 38 162 220
76 38 162 1208
78 63 162 365
47 40 163 170
3 19 164 1505
58 51 164 228
14 54 164 429
8 4 165 3385
0 79 165 11
17 43 166 385
47 41 167 105
43 73 167 176
53 35 168 156
46 47 168 127
78 1 169 65
66 2 169 109
67 9 169 7
59 19 169 208
18 27 169 21
18 30 169 9
14 49 169 144
12 29 170 185
48 41 170 127
57 43 170 1457
53 18 171 87
24 73 171 3012
73 59 173 737
41 74 173 828
17 35 174 327
28 3 175 1158
62 15 175 967
21 29 175 415
32 44 175 4683
64 25 176 765
77 68 176 15
79 14 177 112
9 29 178 2044
26 69 178 8
47 2 179 999
35 23 179 3090
9 59 179 2107
24 70 179 6
55 21 180 4084
75 34 180 2348
55 66 180 3192
72 73 180 2272
2 14 181 901
22 36 181 327
18 26 183 1048
44 64 183 8
5 75 183 2098
72 38 184 22
58 79 184 4
12 34 185 785
72 36 186 25
43 59 186 13
34 63 187 4393
1 1 188 97
74 4 188 1985
1 12 188 8
1 16 189 33
1 36 190 598
54 44 191 10038
63 74 191 511
0 55 192 0
30 77 193 819
75 54 194 1242
1 1 195 40
14 56 195 50
18 68 195 2247
32 6 196 6967
19 13 196 4568
9 50 196 2788
54 66 197 9
77 21 198 1287
25 25 199 336
39 77 199 772
57 1 200 658
11 32 200 2039
61 17 201 4000
9 44 201 28
75 48 201 1741
12 78 201 496
2 19 202 1030
30 45 203 7466
48 66 203 3042
35 16 206 5284
4 65 208 1847
30 67 208 2170
74 6 210 2441
51 30 210 1356
66 36 210 581
42 26 211 0
45 34 211 1346
25 73 211 269
67 75 211 5281
42 5 212 37
72 33 212 2631
32 28 213 154
2 59 213 194
62 55 214 4800
10 26 215 876
32 72 215 175
77 62 216 801
24 68 216 30
27 68 217 23
47 4 218 2205
8 8 218 5083
31 30 218 993
45 75 219 133
46 67 220 531
50 73 220 47
10 45 221 9421
42 49 221 1813
52 64 222 227
35 50 223 1
45 60 223 23
24 76 223 552
61 0 224 52
66 0 224 52
31 30 224 1
47 58 225 63
56 73 225 199
40 37 226 49
75 46 226 2029
55 65 226 121
25 70 226 25
38 74 226 990
79 78 226 20
78 7 227 341
38 40 227 25
28 56 227 1401
50 61 227 63
59 70 227 199
0 2 228 4
29 11 229 7089
60 24 229 8882
50 77 230 1391
29 22 231 748
60 46 231 1473
39 35 232 1553
12 73 232 11149
45 67 233 4021
1 2 234 169
60 41 235 4
58 41 236 6
57 16 237 4256
10 31 237 194
79 0 238 14
70 67 238 6101
8 40 239 881
32 59 239 27
31 12 240 874
2 34 240 879
48 1 241 648
77 29 242 2273
35 52 242 3451
79 0 244 1
11 32 244 414
58 40 244 167
77 62 244 1431
3 12 245 1389
13 12 245 2295
3 57 245 1131
41 59 245 14
71 1 246 352
68 8 246 804
4 23 246 7
39 28 246 2937
37 44 246 106
44 48 246 76
43 53 246 116
6 35 247 286
55 45 247 1080
41 59 247 10
18 61 247 913
53 74 247 1064
35 4 248 217
76 6 248 73
56 52 248 8
20 42 249 193
58 53 249 8
36 79 249 11
