B 126
12 63 8 4
33 34 9 7
42 24 13 6018
24 31 24 3239
45 45 26 5601
25 56 29 3552
44 26 34 2413
71 39 40 992
60 24 41 2454
57 62 41 8928
37 54 44 1610
27 31 46 5919
17 54 48 2631
68 65 50 0
49 39 51 5890
66 65 51 6
43 16 52 4778
62 24 59 2698
10 35 59 2222
32 51 64 5873
54 59 66 5226
31 28 67 3621
11 22 73 4150
50 35 74 5440
14 65 75 4774
11 44 77 4086
35 7 78 6
38 67 80 4813
71 42 81 26
69 56 81 3223
68 43 82 17
64 10 84 6
7 11 87 1142
29 30 87 3632
30 50 88 4662
55 22 89 1148
44 68 89 3
2 13 91 2
40 15 95 2914
21 14 96 2396
48 40 97 8203
60 20 101 3374
30 28 108 3785
46 19 109 496
36 7 113 5
68 11 113 836
60 34 114 11
14 12 115 4062
52 30 116 2317
23 56 116 22159
50 47 117 1993
33 43 124 10
20 29 127 3521
64 21 129 3365
40 37 130 4785
49 60 131 3546
62 42 140 10552
33 68 140 2662
44 15 141 10028
18 14 142 3059
28 50 143 320
39 47 144 1159
27 32 145 3143
20 52 145 3271
70 33 147 2
54 13 151 4
53 12 152 4
45 56 152 3437
52 13 153 4
39 43 154 866
44 47 155 516
44 39 157 10
58 11 159 2254
34 22 159 776
41 12 160 315
51 61 160 3
16 18 161 3188
51 31 161 4660
62 48 162 1967
30 60 164 3813
57 67 166 4437
27 38 167 6218
45 17 169 410
3 77 174 3
30 13 175 3829
59 72 175 0
59 19 176 2492
60 70 176 6
19 68 179 2269
49 46 183 16754
20 50 185 3718
28 32 187 1638
24 23 190 64
21 16 193 2171
44 17 194 8836
64 33 199 2738
30 39 204 4733
5 48 204 4
49 24 206 5
54 55 207 3180
17 24 213 4961
50 30 216 6085
18 47 220 1909
41 49 220 2641
36 12 221 5173
11 45 222 3
12 44 223 3
60 49 225 3859
12 64 227 2955
65 18 228 2521
28 35 228 3869
35 4 229 3
34 29 231 1423
50 10 232 1601
57 41 232 11
15 16 233 4258
30 57 234 2855
25 51 236 181
38 58 237 6
32 17 238 897
37 19 241 146
61 54 243 65
64 59 243 142
29 17 244 10
68 66 244 315
68 61 247 28
