B 405
1 1 1
2 46 1
77 78 1
30 42 3
46 17 4
71 29 4
28 70 4
61 2 5
10 18 5
63 59 6
9 60 7
46 78 8
7 78 10
29 78 10
9 41 11
0 49 11
34 71 11
72 19 12
3 4 13
29 22 13
0 50 13
27 69 14
30 14 16
50 39 17
31 4 18
1 78 18
0 36 19
49 18 20
31 52 20
59 75 20
12 15 22
58 53 22
57 58 22
61 63 22
60 2 23
79 58 23
61 54 24
76 1 25
77 37 25
60 54 25
2 71 25
33 73 25
45 14 26
10 55 26
52 76 26
50 20 27
16 34 27
55 53 28
63 66 28
2 2 29
65 16 29
67 55 29
23 28 30
64 68 32
78 13 33
75 37 33
56 60 33
55 47 34
42 48 34
74 77 34
32 20 35
25 62 35
2 31 36
48 46 36
49 49 36
47 72 36
48 50 37
14 8 38
56 31 38
24 49 38
61 50 38
51 7 39
37 63 39
24 73 39
1 13 40
60 63 41
62 57 42
67 0 43
56 39 43
64 34 45
15 25 46
77 61 46
68 15 47
31 3 48
46 79 48
7 50 49
4 2 52
5 72 52
3 33 53
74 34 53
39 41 53
35 72 53
39 17 55
60 51 56
4 11 58
3 10 60
2 16 60
20 56 60
70 70 60
54 3 61
57 26 61
17 37 61
62 76 61
74 5 62
18 13 62
74 78 62
78 74 64
77 47 65
5 29 66
72 45 66
20 62 67
43 60 68
16 1 69
19 42 69
49 42 69
75 71 69
25 77 70
67 71 71
74 24 72
3 60 72
74 78 72
3 33 73
75 46 74
72 78 74
40 19 75
38 40 75
17 45 76
62 52 76
62 67 76
49 71 76
29 4 77
50 61 77
46 76 77
49 60 78
60 61 78
79 78 80
47 3 81
20 26 81
12 47 81
28 66 82
66 9 83
54 53 83
68 56 83
3 77 83
57 32 84
1 47 84
4 9 85
65 51 85
19 46 86
75 58 86
63 59 86
73 63 86
68 68 86
61 50 87
10 66 88
21 78 88
22 36 89
64 53 89
61 55 89
56 4 93
57 61 93
56 72 93
75 32 94
67 57 94
20 4 95
44 14 95
3 34 95
38 76 95
76 1 96
63 73 96
75 79 97
13 21 98
59 48 99
77 74 99
62 79 100
51 1 101
31 46 101
13 4 102
63 17 102
14 4 103
59 41 104
77 79 104
5 62 108
28 16 109
76 55 109
16 77 109
46 77 110
47 69 111
44 78 111
8 10 112
28 24 112
49 26 112
6 30 112
39 69 112
45 75 112
72 6 113
46 77 113
12 35 115
6 2 116
60 55 116
68 75 116
36 78 116
70 31 119
0 78 119
50 44 121
23 68 122
12 52 123
24 4 124
51 5 124
32 62 124
45 78 124
40 58 125
46 37 126
2 67 126
51 77 126
36 22 127
34 51 127
25 42 128
64 18 130
63 20 130
69 66 130
12 21 131
33 41 131
12 76 131
33 77 131
77 48 133
2 40 134
53 42 134
76 10 135
75 36 137
31 77 137
67 18 138
9 60 138
6 76 138
3 7 140
41 11 140
59 19 140
34 24 140
49 69 140
75 77 140
66 41 141
64 42 141
4 62 141
26 63 142
21 7 143
72 35 143
32 32 144
52 0 146
17 45 147
67 55 147
38 48 148
67 35 149
72 61 149
32 24 150
68 5 151
49 39 151
38 3 152
1 77 152
9 25 153
63 46 153
14 72 153
57 78 153
50 11 154
38 73 156
76 23 157
51 60 159
26 58 160
12 3 161
56 34 162
31 74 162
33 1 163
0 34 166
25 39 166
5 53 167
45 79 167
75 3 168
29 18 168
24 74 169
29 3 170
54 5 170
78 38 170
1 79 171
4 79 171
1 8 173
70 66 174
74 22 175
11 25 177
16 1 179
10 73 181
19 16 182
30 27 183
39 28 183
52 11 185
63 44 185
38 60 185
77 8 187
25 9 187
0 78 188
4 3 189
53 5 191
61 15 191
78 44 191
55 39 192
9 43 192
52 6 193
52 76 193
46 2 194
18 77 195
67 7 196
67 8 197
51 35 197
5 64 197
34 11 198
23 31 198
38 20 201
64 57 201
55 0 202
73 4 202
78 22 202
70 36 202
54 0 203
75 74 203
7 21 204
58 0 205
78 55 205
77 67 206
24 4 207
41 14 207
20 55 207
3 76 208
37 39 209
2 49 209
46 64 212
29 75 212
44 23 213
62 73 213
5 31 215
8 65 215
48 4 216
43 32 216
56 10 217
63 17 217
78 41 217
55 46 219
79 56 219
21 42 220
69 42 220
72 62 220
9 4 221
47 27 221
5 37 221
75 49 221
48 78 221
75 6 222
57 9 222
57 8 223
56 9 223
55 10 223
25 20 223
55 9 224
30 59 224
69 78 224
33 3 225
12 77 225
43 11 226
69 2 228
71 78 230
44 6 231
48 8 231
44 14 232
54 65 232
76 3 233
6 22 233
66 32 233
50 1 235
77 61 235
42 41 236
33 75 236
25 34 237
10 57 237
54 21 238
23 37 238
32 47 238
1 76 238
19 2 241
77 21 242
70 40 242
3 6 243
66 7 243
55 78 243
21 18 244
39 31 244
39 6 245
75 10 245
73 46 245
76 75 245
32 48 246
15 77 246
39 65 247
61 65 247
68 27 248
0 32 248
0 0 249
66 12 249
14 37 249
