B 128
16 39 4 3
6 6 9 14
16 17 10 11
9 39 10 2145
29 20 12 3211
50 36 15 5531
32 50 19 3586
12 13 21 1204
49 16 21 2302
60 47 22 27
16 31 26 3337
11 53 26 3779
65 13 28 2424
63 54 30 8637
32 18 34 5521
43 46 34 1560
28 10 38 130
57 30 38 5789
25 47 38 2554
47 29 40 6
14 24 44 2215
68 12 46 2654
39 38 52 5832
39 15 54 3620
60 49 55 5235
48 18 57 5
57 23 60 5408
18 35 60 3979
51 53 61 1
76 26 62 16
21 57 63 4744
43 57 67 4743
70 21 68 886
49 40 68 772
41 17 74 3515
38 37 74 3628
14 44 78 2440
21 24 79 6239
29 64 81 2677
58 30 83 8152
10 64 87 2498
44 11 94 3769
14 19 96 1193
63 15 100 2333
31 44 100 21870
59 39 103 1916
55 33 106 2
28 14 107 3456
47 68 109 2912
49 24 110 4763
61 54 115 3473
48 32 118 12
24 66 121 3358
13 50 122 2486
46 35 124 1094
41 56 124 2564
36 20 125 3113
27 34 125 414
34 43 125 381
23 42 126 420
52 42 126 1394
13 18 129 3054
70 64 129 1967
57 8 131 4
31 40 131 1857
49 31 134 1009
56 42 135 2253
61 16 138 4637
42 8 139 781
50 67 139 5182
26 61 140 2593
18 44 145 4555
68 53 145 4431
32 23 147 6084
38 47 147 3724
51 12 152 429
44 40 152 2
14 70 152 2187
38 70 155 2579
26 56 158 2143
52 58 158 2911
56 32 160 16598
25 36 165 3626
29 15 166 1607
30 5 167 23
37 26 180 4576
63 41 183 3189
61 12 188 5941
56 36 190 9
9 40 190 3245
17 34 193 5
51 32 194 2472
23 28 196 1660
18 23 198 111
64 55 199 5216
44 33 200 0
40 14 201 5891
32 6 203 2
20 52 204 2911
37 36 207 3194
46 61 210 3347
65 15 211 5184
62 71 211 1834
5 28 212 11
8 63 213 1817
54 20 215 9
72 43 216 26
29 64 216 7
55 43 217 4356
47 24 218 2253
21 39 218 1922
74 46 218 117
71 40 220 60
26 17 221 6421
30 56 221 2961
60 9 226 1421
44 10 228 1756
25 33 230 17
55 62 230 6524
67 29 231 6670
39 42 232 5228
24 36 234 179
35 71 235 1921
12 16 236 10
47 38 241 478
36 68 242 1
24 31 243 31
32 3 246 14
