B 131
8 44 13 2167
28 27 16 3031
28 19 20 74
49 42 20 5596
31 54 23 3597
10 19 25 1219
48 22 26 2396
14 38 30 3353
64 20 33 2498
62 60 34 8943
42 52 38 1617
31 26 39 5846
52 67 39 5
13 13 41 3352
22 52 41 2620
54 36 42 5847
50 11 43 4728
62 27 46 3
61 27 48 3
13 30 49 2243
67 21 51 2675
36 47 57 5874
37 23 59 3614
58 55 59 5254
12 58 60 5
16 18 65 4109
55 31 65 5471
39 56 65 0
15 41 66 4094
18 63 67 4757
73 37 70 9
76 38 70 6
42 64 72 4738
75 38 73 8
46 46 74 868
38 25 79 3590
34 45 79 3596
13 51 83 2456
26 10 84 2343
59 59 85 4288
27 69 85 2725
18 31 86 6250
50 77 86 0
64 15 88 4745
55 37 88 8186
19 50 90 5
18 51 91 5
52 11 99 450
40 22 100 3838
11 25 104 1269
60 25 106 2350
29 51 106 22073
56 44 109 1948
26 22 115 3486
46 31 118 4816
57 58 121 3515
36 58 122 8
27 2 125 1
11 56 128 2490
40 62 130 2661
26 42 131 548
47 47 132 1572
33 26 134 3189
76 28 134 1
54 39 136 1572
28 48 136 2943
66 70 136 1968
11 27 138 3148
46 39 141 2021
53 49 143 2453
74 61 143 7
72 8 144 5
59 25 146 4724
24 67 146 2622
39 17 148 760
70 42 149 1937
20 13 150 3222
38 22 150 14
15 50 151 4475
37 54 154 3793
64 61 154 4460
27 9 155 12
31 32 155 6194
51 15 158 408
8 53 158 6
66 12 160 2441
24 64 166 2201
48 66 167 2909
54 40 169 16770
23 45 173 3715
30 25 174 1586
27 10 178 1471
31 5 179 636
36 34 191 4658
61 49 192 3196
23 16 196 4933
42 39 199 0
57 23 200 6040
15 42 201 4
22 38 204 1904
32 20 205 44
49 43 205 2614
15 36 206 7
30 24 207 297
16 35 207 7
15 37 208 7
61 64 208 5246
40 14 209 5
68 43 210 3798
49 5 212 90
37 26 213 5130
16 59 214 2929
35 49 218 3187
52 7 220 4
52 5 221 0
40 9 222 1204
6 17 223 18
62 25 223 5427
54 53 227 4494
49 11 228 1657
72 55 228 170
68 69 228 1534
45 35 229 2349
19 49 229 1978
70 50 229 75
29 67 232 3041
24 29 233 6527
76 56 233 8
58 20 238 1346
41 20 240 1840
73 32 247 3
