B 306
55 11 0 141
34 16 0 16
32 19 0 16
4 76 1 226
32 77 1 186
40 0 2 75
72 4 2 476
21 10 2 2114
2 51 2 293
2 3 3 267
0 57 4 10
26 48 5 11112
41 22 8 5479
7 25 9 4951
58 64 9 15600
5 66 11 3094
54 5 12 2840
69 27 13 21468
14 71 13 5
76 0 14 0
25 73 14 4233
5 45 15 1814
2 9 18 505
24 29 20 3163
45 43 22 5115
27 7 26 14776
26 54 26 3251
56 77 27 761
5 20 28 1089
76 65 28 1285
0 75 28 177
44 23 29 2362
5 59 32 3121
9 38 33 3054
58 61 33 5382
56 5 34 1322
74 3 35 1649
1 6 35 190
60 21 36 2531
17 33 37 4
76 38 38 562
70 42 39 2278
76 16 40 873
37 52 40 1426
76 24 41 620
27 28 42 5625
16 50 42 845
57 57 43 2697
72 78 43 351
9 15 44 2878
1 35 45 195
22 52 45 774
13 55 45 305
4 1 46 223
2 20 46 5
50 37 46 5480
30 72 47 17815
44 13 48 4700
0 17 48 38
78 20 48 24
60 3 51 1758
63 21 54 2585
10 33 54 2031
74 66 54 4807
25 8 55 3265
4 53 56 2210
78 0 57 57
3 74 58 2158
69 40 60 3904
32 49 60 5498
3 5 62 1135
0 36 62 136
54 56 62 5000
32 25 63 3145
11 20 69 4044
51 33 69 5388
47 9 70 5448
70 12 71 4768
10 42 71 3861
14 63 71 4541
62 76 72 4632
25 2 76 2131
68 35 76 1088
38 65 76 4725
78 68 76 287
70 53 77 2922
20 78 77 213
1 65 80 477
7 7 81 982
0 39 81 51
55 20 83 1078
31 27 83 3500
70 30 83 2908
31 47 83 4272
39 9 84 28
61 4 85 1388
79 45 85 151
39 78 86 332
9 53 87 2084
1 67 87 30
10 1 88 69
23 70 90 2605
42 10 91 2680
77 77 91 285
23 12 92 2049
12 32 92 6235
50 38 92 7937
76 3 93 1580
7 55 94 35
11 1 95 229
36 4 95 3
60 19 95 2597
76 22 95 1118
60 11 97 324
1 14 97 1377
57 65 97 19928
6 72 98 2328
31 2 100 1093
59 2 101 817
33 24 104 3537
32 78 104 849
71 39 105 6631
69 8 107 738
1 42 107 530
71 78 108 407
14 8 109 3745
54 27 110 2091
6 28 110 1218
44 9 111 3806
24 52 111 21311
51 45 112 1776
77 78 112 101
78 16 114 756
17 16 115 7
3 69 117 1916
59 2 119 882
20 25 121 3316
73 62 121 7809
42 75 121 2290
27 2 123 1313
65 17 123 3242
41 33 124 4809
4 17 125 3132
51 59 125 3314
60 78 125 608
5 39 126 2888
45 12 130 4554
17 73 130 3010
20 52 131 26
73 4 132 2587
63 39 133 10391
6 58 134 2334
34 64 134 2546
5 1 136 437
19 11 136 2838
23 55 136 50
27 28 139 2963
58 70 139 1426
22 48 140 3185
43 11 141 4439
73 58 141 1204
78 45 144 226
67 62 144 368
7 30 145 2876
38 38 145 265
1 47 145 197
44 48 145 5988
58 75 145 69
4 79 145 161
18 71 146 1222
72 78 147 840
68 55 148 420
27 3 150 1913
74 22 150 6365
74 59 150 221
69 62 150 42
2 69 150 927
42 73 150 4015
59 8 152 2006
1 11 153 1252
15 18 153 1438
18 68 153 1034
34 19 154 613
52 27 154 4502
64 44 156 1812
10 53 156 4542
69 78 157 334
45 4 158 1305
17 13 159 1033
31 57 159 3501
57 63 160 4247
76 67 160 1227
27 34 161 6026
13 2 163 645
9 77 163 951
4 56 164 6
73 4 165 1664
45 15 165 289
75 49 165 1075
30 78 165 635
7 33 166 3166
1 34 166 745
31 9 168 3645
77 42 168 151
77 65 168 42
60 15 169 2219
20 66 173 2045
42 69 173 2786
7 12 174 3389
73 29 174 2471
58 2 176 920
49 43 177 16235
15 1 178 231
4 61 178 5801
20 47 179 3429
18 77 179 881
28 29 181 1479
2 1 184 120
71 10 185 4043
23 13 186 2202
75 46 186 2860
46 13 187 8569
66 70 187 18245
79 24 188 105
26 6 189 4
66 29 191 2445
7 34 191 5491
7 9 193 1690
5 77 193 692
29 2 195 1079
31 37 198 4125
30 67 198 21985
79 4 199 154
56 52 200 3166
1 12 202 94
60 2 204 3301
74 18 204 2146
18 20 204 4840
36 39 204 105
5 53 204 2799
74 54 205 3068
31 40 207 4125
52 26 208 5862
2 13 209 455
3 72 209 1620
15 2 211 747
24 24 212 4
18 43 212 1646
38 8 213 4812
43 47 213 2569
12 39 214 46
56 67 215 4912
70 78 216 539
62 46 218 3705
75 32 219 3642
70 41 219 6
67 14 220 2325
6 33 220 7818
12 61 220 2732
2 2 221 374
32 30 221 5399
74 66 221 1345
51 6 224 1475
17 12 224 4032
0 60 224 123
26 61 224 14
32 54 226 2072
38 73 226 2870
20 79 226 159
25 60 227 5
54 79 227 69
27 49 229 481
36 1 230 299
36 14 231 1416
57 29 232 5135
3 74 232 1016
74 49 233 2137
62 73 234 1266
49 57 235 4238
76 78 235 275
11 1 237 529
45 15 237 1189
40 39 237 2264
2 49 237 663
13 54 237 1778
69 61 237 528
64 6 238 4564
23 70 239 2877
19 35 240 4636
5 16 241 3607
25 27 242 272
70 8 243 0
24 13 243 2635
14 27 243 335
46 73 243 3248
72 16 244 3801
9 57 244 1
61 43 245 3282
36 24 246 1009
53 24 246 830
3 35 246 666
6 68 246 2518
73 71 246 1121
40 5 247 1368
78 50 247 166
33 53 247 2469
