B 373
6 0 0 2
35 37 0 9
1 54 0 26
63 79 0 19
26 0 1 24
78 2 1 35
42 6 1 461
0 33 1 32
70 43 1 626
38 76 1 404
62 3 3 887
53 16 3 16
68 25 3 1239
4 78 4 349
77 58 6 1406
73 64 6 4
76 77 6 463
48 23 7 3920
47 44 7 3503
54 16 8 170
19 21 8 15543
2 45 8 609
77 16 9 1035
0 15 10 81
10 1 12 747
1 8 12 305
21 59 12 26394
75 1 13 408
52 4 13 911
30 10 13 4
65 13 14 2445
0 62 14 101
36 6 17 2722
55 70 18 17727
31 42 20 2
30 42 21 2
37 33 24 5992
5 36 24 4021
4 75 24 1506
51 14 28 4032
67 39 28 29768
21 77 29 930
78 78 29 130
37 52 30 866
3 56 30 1421
70 5 32 4005
0 20 34 71
43 45 34 19
20 41 35 3194
74 69 36 1544
43 44 37 6
1 62 37 8
43 55 38 3286
73 62 38 256
35 50 40 726
20 65 40 3557
1 2 42 174
21 13 42 28554
1 32 43 426
75 65 43 20
22 43 44 11
77 68 44 3
4 69 44 2302
51 3 45 2840
39 35 46 2444
47 19 49 1667
4 48 49 2288
52 68 51 6064
68 33 52 30
69 11 53 4443
55 33 53 2475
78 62 54 809
32 62 55 1549
53 76 55 1322
67 51 56 3751
44 76 56 177
67 29 57 296
75 30 58 1117
22 42 58 5972
12 62 58 2644
61 67 58 46
5 29 60 2595
62 72 61 5
3 6 62 1582
71 34 62 912
61 73 62 5
45 48 63 4702
53 51 63 189
60 73 63 5
25 76 63 5484
38 26 64 4778
79 44 65 114
8 64 65 6
36 6 67 2070
38 47 68 477
54 12 70 4100
18 20 71 3560
57 32 71 2766
6 45 71 2157
70 72 71 6044
49 0 72 165
18 3 72 1294
2 62 72 990
0 78 73 41
26 59 75 5885
72 6 77 5663
77 29 77 1181
63 50 77 3828
48 68 77 5351
1 16 79 209
25 38 79 3630
78 56 79 500
4 1 82 591
37 3 85 1129
7 31 85 3863
63 55 85 123
55 66 85 1
44 45 86 5501
41 22 87 5993
9 73 87 4024
48 12 88 4
64 23 89 5069
76 48 89 218
7 53 89 3875
51 79 89 49
54 5 90 2897
58 79 90 219
32 73 91 3838
19 10 93 8572
31 57 93 880
62 64 93 2935
60 72 93 31
75 75 93 1364
58 45 94 938
65 51 94 23
0 2 97 32
77 36 97 979
63 71 97 80
0 6 98 32
22 39 99 3663
3 21 100 871
65 43 101 2877
56 47 101 338
22 59 101 3579
48 31 102 1099
29 31 103 3
39 6 104 3228
54 16 104 1685
76 56 104 1566
48 72 104 3199
18 77 104 651
29 32 105 3
5 65 105 2210
17 28 106 355
50 32 107 140
17 73 107 13
33 25 108 2901
40 49 110 8171
14 24 111 1815
7 44 111 5253
6 8 112 2308
67 72 112 4471
20 77 112 230
79 78 113 40
71 9 114 12125
19 18 114 3
72 34 114 2541
53 30 115 3212
0 25 116 31
18 32 116 6
3 78 116 295
24 9 119 5542
50 10 120 2480
54 68 120 703
44 72 120 5647
23 38 122 3747
62 52 123 7492
77 62 123 1137
61 21 127 789
9 22 129 4029
45 39 129 2346
2 40 129 761
76 67 129 14
42 57 130 2034
17 65 130 21628
35 24 131 4003
38 3 132 1489
4 5 132 2225
74 30 134 3263
1 77 134 188
57 1 136 675
9 43 136 41
50 13 137 2151
35 79 137 1
16 43 138 784
10 37 139 918
67 71 140 9252
43 69 141 2379
62 1 142 8
57 31 142 3429
22 9 143 5852
16 37 144 1198
33 46 144 4812
1 29 145 970
77 52 145 1978
2 52 146 1406
10 79 148 124
47 73 149 230
41 74 149 192
40 67 150 306
42 4 151 2285
69 11 151 10904
18 20 152 27
79 29 152 43
12 59 153 515
2 72 153 1030
27 76 153 1629
55 51 154 10506
4 8 155 1960
14 18 156 161
12 25 156 2624
38 25 156 10045
49 78 157 501
21 42 160 3231
16 63 160 3023
77 76 160 652
63 44 162 1
73 57 163 1209
38 64 163 5008
1 3 164 3
63 72 164 3044
4 44 165 2013
76 45 165 142
67 39 166 2236
72 46 166 148
34 54 167 1509
12 77 168 696
35 78 169 239
21 11 170 6492
56 17 170 18
56 4 172 4646
50 65 172 1923
0 78 172 10
28 32 173 819
68 31 174 4206
72 47 174 229
5 3 175 1702
34 21 175 327
52 22 175 2233
11 29 175 3236
77 36 175 2100
56 58 175 1923
45 41 176 4764
5 66 176 3652
59 75 176 6
77 8 177 1615
33 1 178 329
25 71 179 3802
71 45 180 157
63 58 180 6
22 48 181 6170
62 58 181 6
51 74 181 3238
71 75 181 2006
39 12 183 3074
39 28 184 434
8 14 185 1234
65 16 187 3472
3 46 187 2461
18 3 188 1022
52 50 188 23
69 59 188 2446
48 68 188 2
70 1 190 332
24 24 190 3865
78 49 190 307
0 8 191 13
52 30 191 2521
45 1 192 258
13 13 194 5
77 27 194 1115
14 76 194 1455
33 77 194 1185
66 42 195 2797
3 26 196 2123
3 1 197 218
77 72 197 1265
6 18 198 4
30 26 199 7
43 57 199 16743
1 72 199 1236
31 6 200 3044
50 11 200 3617
15 59 200 3763
11 10 201 2440
22 42 201 1662
79 13 203 8
75 65 203 3
8 25 205 8
52 76 206 2102
69 6 207 2922
0 13 207 3
63 25 208 4306
15 28 208 2288
75 37 208 473
38 29 209 8892
69 59 209 4848
64 76 210 2994
26 46 211 13
4 47 212 3626
7 1 213 509
18 21 213 4
77 39 213 1186
79 0 215 6
2 26 215 857
57 43 216 2738
3 11 219 737
21 11 219 5010
24 50 219 4688
22 73 219 10909
77 74 220 811
77 57 221 7
76 17 222 2711
46 66 222 3242
3 66 225 1394
76 53 226 1020
29 55 227 4
50 9 228 16786
64 31 228 2438
65 67 228 3751
30 20 229 15
10 34 229 4971
0 79 230 5
43 40 232 6145
76 2 233 637
20 3 235 896
7 13 235 3025
33 60 235 2664
45 76 235 1152
61 29 236 7
7 74 236 255
54 76 237 537
27 23 238 4852
7 53 239 5164
3 1 240 433
39 21 240 122
69 45 241 6290
52 59 241 3768
76 65 241 1746
0 31 243 15
19 47 243 2133
6 73 243 1846
47 73 243 24
67 76 243 974
75 20 244 2529
36 22 244 122
57 28 244 2214
19 35 244 17
27 42 244 1759
40 21 245 213
49 77 245 191
67 3 246 1027
8 27 246 2019
23 66 246 1589
29 79 246 9
27 6 247 1308
43 21 247 548
78 73 247 23
14 36 248 5
47 43 248 776
31 79 248 9
66 62 249 150
42 71 249 214
