B 413
47 2 1
29 25 1
20 30 1
7 5 2
28 78 2
6 47 3
61 48 3
24 57 3
45 72 3
27 4 4
67 78 4
74 15 5
8 28 6
53 21 7
79 42 7
8 74 7
1 59 11
60 68 11
51 3 12
66 48 12
72 48 12
6 13 13
35 37 13
30 1 14
59 17 14
24 16 15
73 42 15
68 0 16
68 12 16
1 0 18
57 78 18
59 15 19
10 45 19
61 14 20
74 50 20
75 71 20
26 24 22
78 28 22
32 3 23
60 18 24
19 30 24
50 36 24
65 47 24
66 9 25
19 32 25
12 4 26
2 77 26
70 1 27
67 18 28
37 21 28
33 29 28
76 44 28
3 16 29
45 16 29
26 30 29
71 16 30
75 53 30
37 63 30
70 0 31
18 7 32
73 57 34
7 33 35
74 58 35
77 11 36
24 12 38
74 67 38
6 59 39
70 75 39
77 17 40
71 55 40
63 64 40
58 23 41
53 24 41
63 75 41
39 2 42
58 6 43
70 33 43
58 23 44
39 36 44
60 55 45
22 9 46
51 12 47
13 76 47
48 39 48
76 65 48
5 8 49
58 70 49
46 19 50
1 27 50
25 35 50
71 53 51
66 67 53
18 26 56
20 55 56
45 77 56
25 5 58
48 62 58
77 21 59
7 40 59
13 22 60
21 78 62
46 1 63
37 48 65
64 8 66
1 27 68
62 77 68
3 10 69
65 40 69
39 56 69
5 70 70
78 78 70
22 64 72
29 16 73
20 46 73
38 79 73
40 65 74
74 71 74
64 79 76
37 25 77
75 64 77
77 74 77
35 79 77
74 47 79
69 65 79
73 70 79
13 4 80
79 27 80
76 72 80
43 62 81
72 20 82
35 66 83
38 69 83
76 69 83
53 2 84
14 10 84
4 38 84
75 3 85
60 72 87
40 43 88
43 49 89
13 4 90
73 55 92
34 0 93
22 48 93
20 70 93
40 78 93
70 3 94
2 78 94
46 13 95
66 31 95
79 79 95
15 30 96
56 58 96
54 16 97
2 63 97
58 7 99
3 14 100
3 24 100
3 47 100
30 10 102
78 38 102
41 31 103
44 67 104
69 76 105
76 19 108
37 54 108
38 55 108
55 44 109
64 62 109
79 65 109
32 76 109
43 23 110
8 36 111
79 59 111
10 2 112
58 65 112
40 1 113
13 57 113
4 77 113
26 38 114
45 16 116
35 55 116
0 65 116
19 17 118
52 21 119
47 79 119
46 69 121
63 78 122
66 5 123
60 28 123
70 55 123
48 75 123
23 11 125
45 18 125
20 69 125
21 78 125
23 25 126
40 37 126
31 69 126
30 27 127
51 55 127
27 25 128
49 47 128
30 5 130
31 27 130
17 46 130
3 54 130
11 20 132
25 31 132
33 77 132
11 44 133
3 76 133
15 76 133
4 24 134
75 32 135
73 72 135
21 78 135
20 69 136
32 69 136
47 78 136
33 51 137
27 69 139
26 76 139
44 1 140
50 0 143
8 70 145
47 24 146
72 8 147
10 48 147
7 62 147
6 61 152
13 62 152
61 20 153
11 62 153
11 69 153
58 58 154
9 63 154
28 74 154
59 2 155
7 6 155
60 18 155
24 55 155
10 63 155
1 57 159
0 73 159
4 36 160
23 15 161
76 2 162
72 23 162
41 2 164
40 44 164
78 63 164
72 72 165
23 8 166
15 66 166
30 43 167
36 34 169
32 63 170
5 17 171
41 42 171
36 51 171
21 78 171
24 1 172
55 27 172
71 75 172
54 44 173
59 49 173
61 7 174
14 33 174
72 39 175
8 1 176
37 16 176
35 41 176
39 49 176
17 68 176
3 48 177
3 68 177
78 28 178
59 43 178
49 45 178
55 24 179
36 76 179
18 7 180
78 10 181
54 48 181
79 53 181
52 67 181
13 13 182
16 17 182
20 51 182
42 31 183
18 71 183
74 1 184
26 15 184
12 16 184
10 8 185
71 63 185
38 3 186
24 6 187
37 27 187
39 33 187
38 40 188
40 32 189
1 18 190
14 19 190
22 24 190
67 21 191
38 27 192
4 35 192
34 67 192
26 79 192
44 33 193
46 3 194
13 10 194
0 57 194
1 77 194
71 45 195
57 64 195
76 75 195
60 61 196
27 63 196
9 64 198
16 19 199
32 62 199
61 71 199
53 14 200
44 21 200
60 61 200
0 1 201
77 5 201
46 12 201
52 21 201
24 45 201
69 68 202
15 0 205
33 52 205
60 66 205
59 71 205
52 43 206
67 68 206
79 14 207
24 32 207
79 13 208
43 21 208
79 12 209
45 13 209
79 15 209
54 16 209
50 23 209
77 67 209
69 21 210
26 53 210
75 59 210
30 26 211
32 73 211
17 76 211
71 28 212
42 73 212
7 9 214
75 20 215
4 33 215
69 41 215
44 52 216
53 73 216
52 72 217
49 2 218
57 28 218
48 57 219
76 78 219
4 65 220
72 3 221
34 11 222
19 42 222
53 52 222
21 55 223
62 71 223
53 24 224
57 33 225
23 61 226
2 3 227
17 21 227
42 51 227
51 30 228
53 52 228
33 31 229
77 34 229
73 54 229
69 18 233
63 78 233
38 29 235
2 34 235
56 5 237
3 17 237
38 73 237
63 39 239
78 75 239
77 5 240
36 7 240
13 49 241
15 7 243
64 76 243
2 2 245
50 58 245
72 61 245
25 25 246
77 37 246
15 76 246
65 18 247
45 36 247
62 10 248
1 70 248
40 13 249
1 26 249
