B 391
5 2 0
0 35 1
35 39 1
1 57 1
57 59 1
63 79 1
25 1 2
78 3 2
41 9 2
70 45 2
38 77 2
61 4 4
67 28 4
2 79 4
77 78 7
46 46 8
77 61 8
44 0 9
18 24 9
47 25 9
54 18 10
2 48 10
77 19 11
9 2 13
0 13 13
76 2 14
21 62 14
52 5 15
64 15 16
71 2 17
35 7 18
8 32 18
55 72 20
36 35 26
5 39 26
3 76 26
71 13 29
50 18 29
66 41 30
21 78 31
78 78 31
68 5 32
38 47 32
3 59 32
49 10 33
55 12 33
39 46 33
40 47 34
30 57 34
0 23 36
29 55 36
19 43 37
50 9 38
71 9 38
40 56 38
50 10 39
73 70 39
79 4 41
20 67 42
20 15 44
1 34 45
46 65 46
4 71 46
50 5 47
78 3 48
38 37 48
55 70 48
50 65 49
4 50 50
47 21 51
60 8 52
79 40 53
62 53 53
72 55 54
43 73 54
59 74 54
69 0 55
69 14 55
54 36 55
30 49 55
29 50 55
68 59 55
49 63 55
31 64 55
54 78 55
78 64 56
21 44 59
11 64 60
2 8 61
72 34 61
66 53 61
58 71 61
30 10 62
4 32 62
48 68 62
47 76 62
24 77 64
29 0 65
0 4 65
5 8 65
44 51 65
2 1 66
50 19 66
37 28 66
78 46 68
13 62 68
35 9 69
2 8 70
34 55 70
8 45 71
53 14 72
17 23 73
56 35 73
69 73 73
48 1 74
17 5 74
4 49 74
2 65 74
79 63 76
25 61 77
72 7 79
76 31 79
15 59 79
47 70 79
0 15 80
62 53 80
0 20 81
59 31 81
25 40 81
77 59 81
4 2 84
15 36 84
14 38 84
34 43 84
0 21 85
0 18 86
37 5 87
6 34 87
43 48 88
40 25 89
8 74 89
59 22 90
76 50 91
6 55 91
53 79 91
56 79 91
53 7 92
66 28 92
63 74 93
31 75 93
61 66 94
58 74 94
18 12 95
30 59 95
75 76 95
56 27 98
66 73 98
57 24 99
77 38 99
58 72 99
60 23 100
62 73 100
22 41 101
61 46 101
2 23 102
64 69 102
21 62 103
71 52 104
70 53 104
15 78 105
38 8 106
53 18 106
75 58 106
5 68 107
21 78 108
32 27 110
79 62 111
16 76 111
58 78 111
13 27 112
39 51 112
51 33 113
6 47 113
67 73 113
15 79 113
26 0 114
5 11 114
79 79 115
71 36 116
45 73 116
10 0 117
71 10 117
49 1 118
56 69 118
75 70 118
2 79 118
74 69 119
45 8 121
23 12 121
60 76 121
51 15 122
22 40 124
61 54 125
77 65 125
32 73 125
15 19 126
42 66 127
60 23 129
8 24 131
44 42 131
2 43 131
16 67 131
41 59 132
34 26 133
37 4 134
4 5 134
74 32 136
0 78 136
56 2 138
49 16 139
1 28 139
42 65 139
13 41 141
66 72 142
56 33 144
21 11 145
1 29 145
32 49 146
42 72 146
1 37 147
76 54 147
2 55 148
12 36 149
12 42 149
34 76 150
41 5 153
69 12 153
1 32 153
79 32 154
2 74 155
26 77 155
54 54 156
3 11 157
13 60 157
12 27 158
37 28 158
27 38 159
48 78 159
18 1 161
53 79 161
20 45 162
14 67 162
77 77 162
27 20 166
72 60 166
62 73 166
3 46 167
36 64 167
10 78 170
20 14 172
34 79 172
70 38 174
49 68 174
48 69 174
55 5 175
27 34 175
51 24 177
10 32 177
5 4 178
33 24 178
44 44 178
50 52 178
24 58 178
55 61 178
5 68 178
31 2 180
77 10 180
79 69 180
23 72 181
79 73 182
62 17 183
21 50 183
21 60 183
50 75 183
71 76 183
63 11 184
38 14 185
38 30 186
8 17 187
3 49 189
17 4 190
66 20 190
68 62 190
60 14 191
23 27 192
69 2 193
76 25 193
51 32 193
75 32 193
78 52 193
43 2 194
18 57 195
18 60 195
13 77 196
32 78 196
3 28 198
65 44 198
3 2 199
77 26 200
76 73 200
29 29 201
77 33 201
42 59 201
1 74 201
49 13 202
30 8 203
10 13 203
21 45 203
14 62 203
16 0 204
79 15 205
54 1 207
60 0 208
17 36 208
77 36 208
74 43 208
68 8 209
62 28 210
14 30 210
68 61 211
58 77 211
37 31 212
77 47 212
4 49 214
6 2 215
79 2 217
2 28 217
76 39 218
56 46 218
21 1 220
2 13 221
20 14 221
23 52 221
21 74 221
76 75 223
75 20 225
45 68 225
69 26 227
2 69 227
70 27 228
76 55 228
49 11 230
63 33 230
64 70 231
9 37 232
37 43 232
43 52 234
76 4 235
18 31 235
78 39 235
65 40 236
46 41 236
6 15 237
12 62 237
32 62 237
18 4 238
7 58 238
27 25 240
38 49 240
4 58 240
47 77 240
3 2 241
67 48 242
51 62 242
76 68 242
5 75 243
16 40 244
3 51 244
74 23 245
56 31 245
22 48 245
66 77 245
66 4 246
40 24 247
7 30 247
21 69 247
45 0 248
26 8 248
21 37 248
46 46 248
74 63 249
