B 289
2 42 0 124
77 77 1 89
63 1 2 180
16 37 2 0
46 12 3 2521
30 38 3 4064
10 14 4 3144
63 55 5 8259
8 56 6 3563
6 5 7 19
28 66 7 4713
46 76 7 1738
72 19 8 10512
9 37 9 2180
8 76 9 2111
3 1 10 376
29 17 10 3242
51 33 13 5591
0 30 15 57
30 2 16 1868
2 73 16 1
32 48 18 3584
60 72 18 2197
13 9 19 1193
49 13 20 2372
62 0 21 47
2 67 22 1080
17 29 25 3387
5 61 25 10
65 9 26 2406
13 56 28 3771
76 34 29 1814
63 52 29 8802
2 79 29 69
78 7 30 650
74 75 30 2358
32 13 32 5822
2 28 32 825
43 44 32 1550
13 4 35 2011
1 10 35 716
58 25 35 5778
51 4 36 2383
26 44 36 2534
37 69 38 27525
31 40 41 5
14 20 42 2211
77 57 42 1315
68 8 43 2678
29 0 45 84
8 46 45 3499
1 0 48 59
3 29 48 1136
26 0 49 3939
72 2 49 2
74 27 49 2997
39 33 49 5819
5 69 49 6547
19 54 51 5
19 56 51 7
46 8 52 658
38 11 52 2625
61 44 53 5218
2 11 55 1399
54 0 57 68
19 7 57 3939
18 32 57 3955
75 2 58 626
58 19 58 5456
77 21 58 4
64 72 58 6518
21 55 61 4630
43 53 64 4774
75 71 64 2855
24 74 66 2241
75 38 67 2212
75 15 68 2792
3 55 69 1866
29 1 70 504
4 26 70 2366
41 32 70 4612
28 79 70 184
65 3 72 1078
43 12 72 3528
46 72 72 1922
14 41 75 2444
22 20 76 6195
51 66 76 9
4 5 79 2899
30 61 79 2734
1 41 80 205
59 26 81 8072
4 76 81 1958
72 3 82 1533
63 55 84 19181
11 61 84 2529
22 76 85 1015
20 1 89 388
77 22 90 1635
3 28 90 1638
41 74 90 3384
46 6 92 3193
14 15 92 1226
64 77 93 777
59 42 94 4
77 72 95 843
64 12 96 2312
37 7 97 6
32 40 97 21980
59 36 100 1910
29 10 103 3539
77 49 103 2081
6 57 104 4491
63 53 105 373
47 64 105 2365
74 3 106 1395
8 5 106 3922
16 75 106 3785
55 79 106 61
50 19 107 4803
10 25 108 3916
52 66 110 144
69 73 111 3195
62 51 113 2856
48 66 113 177
71 24 114 9046
1 75 114 225
36 75 114 1682
48 27 115 13
31 70 115 2
25 1 118 223
25 62 118 3308
52 2 119 1474
14 46 119 2493
42 52 120 2604
52 75 120 1482
36 15 121 3123
25 36 121 531
2 61 122 501
14 14 125 3048
54 37 125 4348
31 35 126 2910
71 61 126 1953
3 34 127 3213
78 41 127 555
77 5 128 1375
49 28 128 1862
10 73 130 4724
32 75 132 2035
3 4 133 1763
62 12 133 4642
42 4 135 767
1 53 135 132
7 54 135 2000
52 63 135 5131
75 75 135 2568
50 78 135 239
73 28 136 1828
22 3 137 1516
26 59 138 2622
69 48 141 4408
18 39 142 4537
33 18 143 6150
39 43 143 3707
69 1 144 426
9 19 146 6044
51 7 149 423
77 17 149 1107
2 73 149 839
60 75 149 2468
20 78 149 358
14 67 150 2194
38 64 152 2574
53 53 153 2923
13 0 155 43
57 27 155 16611
24 52 155 2139
78 0 161 31
26 31 161 3655
5 46 161 10872
45 76 161 1618
55 2 162 1458
29 10 162 1606
30 0 163 71
79 31 163 47
1 2 165 249
21 12 165 1
25 71 165 4141
4 78 166 558
75 14 167 2007
71 61 168 18414
11 17 170 6524
19 8 175 1
38 21 175 4597
9 68 175 1943
78 3 178 252
64 37 178 3199
39 52 178 24754
26 5 180 3259
13 71 180 8
62 8 182 5668
0 75 182 96
78 37 184 406
9 35 186 3297
50 74 187 9253
4 27 188 2
18 74 188 2674
52 27 189 2552
5 56 189 2840
23 22 191 1670
75 1 193 170
78 14 193 255
17 19 193 224
41 9 195 5732
71 28 195 3856
66 49 195 5187
7 13 197 10478
79 49 197 31
76 66 197 1394
21 46 198 2937
26 0 199 121
65 59 201 3
38 30 202 3190
3 72 202 1844
2 42 203 1320
30 68 204 5076
47 56 206 3387
64 66 206 1875
9 57 207 1854
51 1 208 346
65 8 208 6561
78 34 209 200
56 37 211 4363
49 18 212 2329
22 34 212 1920
76 41 213 347
73 54 213 1522
49 74 213 2661
10 1 214 183
6 29 214 2039
77 1 215 304
26 11 215 6459
72 35 215 70
31 50 215 3040
14 74 217 2870
78 37 218 6
77 38 218 6
72 75 218 2271
45 4 222 1567
30 72 222 1241
6 14 225 3866
68 23 225 6652
57 56 225 6505
34 36 226 4141
78 53 227 292
35 68 229 3672
31 20 230 158
43 26 230 5074
11 50 230 13760
2 71 231 727
4 1 232 190
78 11 232 353
52 14 233 1491
25 24 234 33
50 39 236 5074
36 61 236 3
37 62 236 3
59 74 236 3951
69 3 237 2174
22 8 238 4401
43 2 239 986
45 30 239 437
39 39 239 1153
16 74 240 3943
33 30 241 2844
74 38 241 3915
76 71 241 2220
72 20 243 740
41 55 243 3601
68 15 244 588
39 76 244 1324
5 5 245 1285
13 29 245 3471
64 57 245 3073
53 15 247 1064
1 63 247 248
33 7 248 233
72 15 248 205
21 61 249 190
