B 543
0 14 1
10 20 1
46 67 1
77 7 2
58 10 2
64 43 2
27 50 2
64 64 2
73 78 2
29 77 3
68 65 5
17 73 5
7 6 6
25 6 6
10 60 6
69 62 6
61 69 6
7 70 6
45 30 7
3 50 7
9 61 9
69 65 9
69 68 9
69 1 10
27 25 10
11 32 10
70 41 10
64 64 10
46 79 10
14 63 11
32 20 13
77 67 13
12 71 13
62 78 13
45 4 14
59 11 14
57 18 14
0 1 16
70 32 16
27 19 17
22 23 17
29 27 17
67 42 17
75 45 17
69 36 19
76 39 19
22 78 20
3 5 21
58 17 21
76 31 21
79 1 22
54 57 23
62 3 24
79 0 25
39 57 25
3 70 25
26 5 26
70 42 26
9 20 27
77 35 27
71 36 27
72 17 30
79 40 30
1 63 30
56 22 32
9 45 32
77 50 32
72 57 32
54 7 33
28 23 33
78 50 33
77 48 34
79 49 34
52 29 35
72 68 35
69 78 35
33 16 36
73 52 36
64 55 38
77 57 38
64 65 38
22 4 39
77 48 39
13 69 39
2 9 40
33 27 40
10 78 40
78 65 41
78 6 42
12 25 42
16 6 43
29 23 43
10 30 43
25 42 43
15 79 43
77 0 44
3 79 44
25 77 45
31 41 46
67 11 47
76 23 47
71 28 47
71 69 47
49 1 48
62 25 48
72 52 48
66 63 48
1 0 49
13 22 49
15 30 49
21 40 49
43 13 50
34 75 50
20 78 50
32 9 51
39 35 51
44 38 51
53 51 51
51 73 51
52 8 52
60 14 52
41 30 52
68 37 52
26 47 52
60 49 52
51 1 53
32 36 53
59 48 53
26 71 53
48 28 54
2 35 54
31 42 54
47 47 54
47 50 54
77 64 54
56 18 55
0 9 56
6 10 56
76 57 56
53 15 57
58 15 57
44 27 57
38 5 58
76 15 58
78 20 58
57 23 58
63 32 58
45 34 58
79 79 58
78 1 59
52 7 59
40 21 59
52 1 60
78 29 60
6 63 60
28 56 61
48 11 62
68 75 62
79 79 62
32 3 63
66 19 63
28 8 64
2 24 64
25 29 64
73 32 64
32 16 65
46 46 65
77 66 65
46 16 66
78 19 66
78 57 66
39 74 67
43 5 68
37 16 68
68 79 68
9 24 69
75 61 69
34 77 69
43 44 70
44 53 70
29 78 71
34 74 72
46 45 73
40 31 74
23 78 74
75 7 75
3 27 75
4 19 76
47 29 76
75 43 76
5 4 77
21 10 77
58 41 78
64 61 78
58 61 79
23 22 81
26 62 81
23 29 83
47 14 84
66 24 84
6 72 85
44 76 85
14 16 86
9 18 86
39 42 86
2 49 86
48 60 86
65 78 86
67 3 87
30 11 87
14 19 87
3 33 87
8 33 87
10 13 88
14 13 88
28 18 88
32 46 88
77 60 88
16 16 89
73 6 91
12 23 91
30 41 91
67 49 91
60 52 91
64 7 92
22 1 93
18 76 93
30 13 94
7 17 94
16 38 94
36 43 94
1 79 94
14 16 95
1 26 95
12 48 95
67 72 95
38 68 96
53 36 97
22 42 98
54 19 99
76 32 99
10 39 99
55 43 99
5 3 100
77 6 101
55 57 101
5 63 101
29 0 102
20 50 102
36 66 102
66 72 102
10 42 103
1 46 103
50 76 103
13 52 104
61 68 105
15 43 106
21 24 107
75 55 107
19 17 108
63 69 108
9 77 108
26 0 109
30 4 109
26 20 109
38 21 109
35 50 109
16 24 110
4 60 110
28 76 110
43 41 111
6 32 112
49 70 112
69 79 112
69 78 113
73 79 113
6 7 114
48 55 114
55 5 116
55 61 116
63 66 117
55 70 118
25 78 118
38 52 119
28 78 119
61 12 120
4 55 120
71 76 121
64 31 123
52 63 123
78 77 123
18 27 125
69 55 125
72 62 125
35 31 126
18 46 128
73 56 128
78 0 129
14 24 129
54 78 129
48 18 131
46 10 132
3 34 132
76 13 133
3 26 133
49 34 134
13 74 134
50 35 135
15 50 135
8 12 136
51 33 136
11 0 137
50 18 137
39 51 137
3 59 137
57 76 137
26 5 138
41 10 138
41 20 138
51 13 139
76 79 139
66 1 140
77 9 140
77 48 140
42 72 140
45 34 141
72 49 141
70 67 142
75 55 143
9 56 143
54 62 143
45 13 145
25 22 145
24 42 146
26 62 146
75 70 146
41 71 146
68 1 147
61 22 148
4 45 149
55 62 149
51 10 150
44 36 150
59 42 150
22 58 150
79 71 150
50 3 151
33 65 151
66 79 151
31 0 152
4 24 152
68 24 152
78 37 152
62 50 152
29 55 152
14 6 153
48 7 153
30 57 153
30 63 153
47 11 154
73 60 154
1 73 154
78 0 155
53 6 155
43 52 155
25 58 155
28 17 156
75 55 156
51 13 157
76 53 157
44 78 157
46 12 158
18 34 158
26 45 158
78 55 158
78 60 158
42 34 159
69 56 159
76 13 160
75 42 160
72 57 160
69 59 160
72 63 160
52 5 161
76 62 161
11 73 161
36 26 162
29 49 162
38 25 163
78 79 163
15 38 164
31 15 166
37 66 166
15 30 167
61 70 167
72 45 168
9 54 168
1 69 168
78 79 168
77 68 169
79 30 170
54 50 170
1 25 171
63 12 172
41 0 173
8 7 176
49 46 177
21 76 177
73 61 178
42 77 178
36 78 178
76 5 179
30 50 181
72 65 181
54 22 183
26 10 185
70 43 185
76 76 185
64 1 186
77 41 186
6 65 186
35 64 187
8 67 187
78 23 188
32 30 188
11 38 188
51 72 188
69 73 188
44 6 189
63 27 189
70 78 189
1 22 190
4 78 190
68 0 191
53 28 191
65 24 192
74 73 192
60 79 192
2 39 194
31 69 194
74 43 195
45 2 196
74 77 196
62 78 196
69 77 197
73 9 198
51 51 199
1 45 200
26 73 200
2 4 201
34 8 201
59 78 201
77 30 202
79 77 202
72 55 205
7 60 205
17 74 206
37 0 207
76 36 207
74 65 207
25 18 209
45 72 209
56 6 211
76 28 211
5 67 211
58 27 212
9 42 212
28 53 212
77 61 213
2 28 214
65 34 217
64 35 217
63 36 217
5 73 217
63 35 218
73 14 219
61 41 219
64 77 219
47 34 220
46 42 220
62 45 220
63 49 220
28 75 220
70 41 221
1 78 222
32 2 223
58 61 223
76 71 223
5 77 224
0 1 225
47 37 225
64 45 225
42 37 226
9 36 227
29 38 227
50 44 227
77 67 228
45 12 229
12 58 229
7 17 230
39 56 231
62 64 231
4 49 232
72 58 232
63 4 235
36 69 235
55 73 235
77 18 236
52 68 236
77 55 237
40 0 238
69 55 238
28 22 239
27 63 239
44 73 239
8 3 240
34 31 241
56 33 241
12 76 241
31 45 242
72 49 242
31 51 242
21 4 243
77 52 243
68 5 244
57 58 244
18 20 245
30 39 245
36 44 245
0 12 246
27 33 246
76 41 246
69 73 246
7 4 247
76 5 247
47 7 247
7 47 247
23 24 248
29 26 248
33 30 248
34 60 248
51 56 249
34 67 249
