B 461
9 16 0 2
11 17 0 2
45 64 0 49
67 79 0 6
78 4 1 102
59 8 1 315
50 23 1 72
73 77 1 115
38 25 2 236
65 42 2 1925
37 58 2 15
23 0 3 188
27 5 3 381
44 19 3 1762
27 76 3 814
6 5 4 1248
19 5 4 339
43 53 4 324
61 66 4 1530
18 72 4 14
27 16 5 406
45 29 5 1762
3 46 5 1583
52 16 6 30
39 45 6 159
44 47 6 248
11 65 6 3618
17 73 6 20
44 3 7 1667
51 13 7 9
12 29 7 3544
46 77 7 526
52 19 9 25
5 72 9 817
22 15 10 25
30 21 10 1150
76 64 10 2690
61 77 10 528
49 14 11 13
56 14 11 1320
78 47 12 33
28 13 13 176
69 42 14 22
26 19 15 134
38 47 15 4562
75 36 16 4089
1 3 17 226
71 27 17 2
20 77 17 723
20 74 19 18
24 75 19 9
24 3 20 1951
52 52 20 4562
72 12 21 4536
9 15 21 3384
37 55 22 29177
76 56 23 6
54 5 25 3255
2 66 25 1067
52 25 27 4598
77 48 27 846
67 54 28 846
33 22 29 2587
9 40 29 12814
77 2 30 159
75 54 30 47
25 20 32 1362
70 48 32 399
74 64 32 2148
68 78 32 1200
64 62 33 361
76 55 34 15
12 68 35 1352
66 5 36 767
2 7 36 784
67 68 36 138
77 2 37 224
14 3 37 1479
62 60 38 267
78 60 40 18
8 64 40 2
18 69 40 6
7 78 40 609
14 79 40 1
66 62 41 96
54 70 42 1383
72 51 43 4177
13 19 44 2959
72 64 44 653
64 33 45 26
26 37 46 3182
54 47 47 1902
69 20 48 14752
26 71 48 4838
39 6 49 11449
45 30 49 2369
50 72 49 3555
75 74 49 0
2 78 49 57
2 29 50 642
5 5 52 1110
5 60 54 8448
62 73 54 18
28 53 56 1664
70 73 58 3212
25 22 59 2413
44 51 59 529
47 55 60 26
0 17 61 131
66 79 62 91
77 53 63 366
76 60 63 611
39 72 63 1425
44 46 65 2313
75 3 66 1158
3 2 67 451
75 9 67 194
1 10 67 66
7 18 67 4243
42 25 67 2771
24 77 67 905
76 42 68 976
20 4 69 1920
73 35 69 1151
45 54 69 447
62 60 72 2021
39 9 73 178
58 37 73 1596
3 72 73 13
21 60 74 4500
31 64 74 4500
66 76 74 332
7 78 75 138
2 1 76 108
45 8 76 2002
64 19 76 5156
24 69 76 171
36 7 77 8
32 57 77 2320
31 68 77 262
75 61 78 564
0 70 78 83
9 14 79 30
23 23 79 3244
5 68 79 1308
3 29 80 556
37 39 80 2401
2 47 80 848
65 2 81 1257
24 9 81 8
7 10 81 162
44 74 81 2875
48 56 82 2501
66 76 82 1427
7 16 83 36
12 16 83 57
6 32 83 76
76 55 83 731
28 67 83 26
30 38 84 19
16 49 84 10
37 33 85 132
68 43 85 1879
28 5 86 2177
8 17 86 16
8 6 87 552
14 11 87 470
16 75 87 1542
6 13 89 255
1 19 89 273
76 26 89 1678
53 33 90 2747
15 41 90 5550
1 78 90 185
78 2 91 216
52 14 91 2540
56 50 92 717
5 60 93 1786
13 10 94 11
24 45 94 5
38 63 94 1673
3 3 96 576
62 67 96 2286
1 42 97 266
56 51 98 736
5 53 98 30
46 78 98 29
49 47 99 17
74 51 99 3186
48 73 99 775
42 77 100 72
9 2 101 31
26 1 102 98
32 1 102 128
18 10 102 2137
36 13 102 4193
4 59 102 328
50 79 102 27
9 75 103 1427
5 27 104 3005
45 79 104 14
37 43 105 9922
28 74 105 2762
48 76 105 13
55 2 106 2357
4 3 108 897
66 74 110 887
44 55 111 6
45 60 111 351
53 65 112 2073
65 23 113 30273
27 41 113 14
4 50 113 1718
69 70 114 675
69 55 115 1677
17 21 117 1957
74 75 117 760
66 78 117 121
51 58 118 1031
45 64 118 181
35 24 119 3465
17 40 120 3903
3 24 124 1590
9 5 126 2861
29 1 127 237
78 3 128 354
45 8 128 4707
40 48 128 2886
74 61 129 1046
14 72 129 13352
0 0 130 4
4 52 130 1213
57 74 131 2996
76 76 131 783
46 28 132 2106
76 43 132 1554
26 15 133 3705
73 65 133 365
59 52 135 36
71 39 136 5
70 41 136 5
10 50 137 41
63 54 137 121
58 58 137 1367
42 67 137 1059
62 15 138 2825
25 34 138 1873
42 61 139 438
5 37 140 3054
25 54 140 2328
18 1 141 483
78 28 141 606
61 36 141 4208
28 57 141 8
53 1 142 252
8 18 142 1971
27 62 142 217
5 10 144 522
0 17 144 189
28 38 145 3
46 50 145 1389
64 32 146 82
29 37 146 3
30 58 146 164
58 1 147 114
34 39 147 44
29 43 147 66
76 54 147 848
66 78 147 523
77 5 148 799
72 51 148 41
49 0 149 19
52 2 149 6
37 6 149 2894
31 40 149 7
10 49 149 18
1 67 149 438
51 23 150 37
44 27 150 3429
33 46 150 189
46 75 150 1659
55 1 151 47
4 16 151 43
31 42 151 7
75 45 152 10
32 38 153 806
76 41 154 928
28 44 154 184
21 25 155 3797
33 46 155 69
13 68 155 3550
31 8 156 1939
5 51 156 381
76 32 157 390
62 64 157 7496
66 5 158 2035
70 39 158 648
4 46 158 60
37 59 158 4954
77 77 158 328
13 45 159 5146
55 42 160 3948
2 58 160 518
78 63 160 432
5 54 161 180
8 3 162 3048
34 13 162 359
4 19 162 1471
48 49 162 35
75 36 163 156
60 24 165 0
79 0 166 18
67 4 166 327
47 47 166 18
18 28 167 86
52 41 169 668
42 73 169 1122
25 73 170 3020
72 58 171 774
73 72 171 55
28 2 172 843
33 42 172 4624
55 13 173 1730
79 13 175 113
20 68 175 8
47 1 176 622
35 21 176 3095
59 22 176 4686
14 29 177 5840
9 59 177 2089
75 33 178 2581
55 65 178 3067
72 73 178 1811
2 13 179 819
79 73 179 99
5 33 180 3
56 79 180 14
6 33 181 3
5 75 181 2119
34 63 182 2577
50 0 184 1
1 0 185 47
74 3 185 1532
1 34 187 544
41 63 187 488
3 76 187 1
55 43 188 9930
36 55 188 477
0 56 189 2
64 73 189 530
1 0 191 20
0 41 191 41
2 41 191 0
34 62 191 206
18 67 192 2256
24 7 193 8817
10 49 193 2965
2 52 193 4
35 77 193 2247
77 20 195 1236
75 50 195 2914
57 15 196 1402
57 1 197 283
11 30 198 1966
12 78 198 657
41 9 199 3294
2 17 199 1030
27 20 199 2664
66 14 200 1069
49 65 200 2974
36 16 201 1327
31 44 201 7392
60 20 202 814
41 66 202 16
4 63 205 2051
74 5 207 2133
30 67 207 3076
49 2 208 142
49 31 208 3085
67 75 208 5721
45 6 209 15
71 32 209 3582
63 54 211 4285
10 25 212 856
5 69 212 6
78 61 213 644
7 7 214 4604
31 28 214 1320
47 3 216 1443
38 69 216 104
10 43 217 9493
48 51 217 23
44 63 218 313
43 48 219 1614
51 64 219 423
19 67 219 14
64 55 220 168
78 5 221 150
46 74 221 2685
58 69 222 13
76 45 223 1767
28 55 223 1401
79 78 223 1
54 63 226 344
78 5 227 182
29 11 228 9199
40 32 228 1430
61 45 228 1499
59 19 229 14100
56 68 229 93
13 73 229 13764
38 39 230 165
57 79 230 1
31 0 231 55
1 1 231 112
44 68 231 4520
66 79 231 4
59 41 233 6
61 79 233 37
65 79 233 4
9 30 237 572
2 31 237 772
9 38 237 497
72 65 237 8740
47 0 238 215
3 39 238 531
59 42 238 5
36 50 238 3905
55 44 239 89
77 28 240 2547
70 4 241 412
62 40 241 69
3 55 241 925
0 64 241 24
64 44 242 5
60 46 242 98
16 66 242 3
74 1 244 137
9 11 244 5447
39 26 244 4509
57 49 244 42
68 9 245 542
7 32 245 25
9 35 245 57
40 49 245 374
18 59 245 1710
53 73 245 2021
3 34 246 18
56 41 246 1648
1 64 246 19
36 78 246 141
64 3 247 146
34 4 247 640
49 35 247 8
20 40 247 915
74 3 248 129
56 50 248 34
36 51 248 211
2 56 248 253
77 78 248 53
79 53 249 4
