B 553
30 23 1 1235
20 53 1 308
29 2 2 329
8 3 2 502
0 19 2 16
7 45 2 1299
25 62 2 274
63 48 3 4055
30 55 3 676
48 72 3 1396
30 78 3 269
72 79 3 109
75 14 4 2312
59 21 4 1443
8 27 5 1905
53 15 6 1984
29 52 6 68
23 55 6 232
66 65 7 449
9 35 8 10
10 73 8 4494
53 1 9 493
9 34 9 10
44 35 9 3418
9 33 10 10
61 70 10 1306
7 11 11 1544
9 32 11 10
70 70 11 20
68 1 12 33
56 22 12 25
71 47 12 404
2 56 12 902
69 66 12 24
35 74 12 15
26 11 13 3138
71 70 14 8
77 36 15 31
28 25 16 3
51 30 16 5
49 51 16 15
60 78 16 155
27 24 17 3
37 30 17 15
10 41 17 3740
73 15 18 15
77 70 18 1665
31 0 19 63
63 1 19 228
44 9 19 2011
70 38 19 976
66 47 19 398
71 15 20 15
74 52 20 1369
76 78 20 285
25 79 20 2
12 2 21 673
70 7 21 3996
56 27 21 1337
37 3 22 0
72 44 22 1
22 79 22 2
52 12 23 841
2 13 23 123
7 13 23 63
79 25 23 1
32 27 23 2210
77 40 23 881
76 47 23 5
41 15 24 222
63 45 24 45
3 18 25 42
66 51 25 1369
61 3 26 14
67 40 26 8
64 40 27 58
64 45 27 22
64 51 27 612
69 54 27 41
4 75 27 1154
66 2 28 121
38 12 28 219
1 13 28 62
67 38 28 58
39 62 28 35770
5 9 29 639
7 17 29 158
2 18 29 86
45 6 30 669
46 14 30 368
70 41 30 426
73 50 30 612
2 15 32 62
25 8 33 3706
10 29 34 3345
78 58 34 24
78 9 35 300
27 31 36 286
49 35 37 887
72 69 37 1144
48 44 38 6
7 55 38 11196
78 69 38 171
64 63 39 1792
59 3 40 1799
72 27 40 4816
58 34 42 665
74 76 42 34
7 3 43 1968
51 15 43 4575
2 19 44 593
29 29 44 3189
78 50 45 13
14 75 45 1111
50 36 46 2316
36 26 47 382
65 73 47 251
67 55 48 1064
59 65 49 63
77 18 50 179
74 63 50 4939
2 21 52 516
26 3 53 2166
68 72 53 149
15 15 54 2321
24 51 54 3202
23 59 54 11
78 36 55 397
59 38 55 258
48 76 55 2128
66 38 56 1674
51 60 56 1840
28 77 56 487
77 15 57 743
65 23 57 1341
12 34 57 3005
33 19 58 1085
71 3 61 2022
63 29 61 157
54 33 61 32
66 76 61 606
3 5 62 1396
42 23 62 3175
77 37 62 554
1 44 62 532
22 77 62 831
25 19 63 350
73 30 63 921
41 47 63 2027
4 21 65 910
27 27 65 314
59 29 65 313
66 48 65 1920
48 12 66 787
41 40 66 316
25 64 67 1676
78 78 67 101
3 25 68 4
75 40 68 857
24 45 68 558
6 68 68 8965
51 20 69 625
5 25 69 15
40 77 69 0
14 3 70 703
32 12 70 3928
30 28 70 20
27 29 70 68
41 32 70 181
73 33 70 18
58 38 70 2825
66 40 70 48
45 10 71 732
65 28 72 255
78 29 72 857
75 66 72 1322
63 77 72 845
28 32 73 1403
22 40 73 1481
74 73 73 1
75 11 74 1346
43 63 74 3824
39 78 74 254
77 60 75 15
41 76 75 9
20 3 76 898
70 39 76 1643
38 30 77 1403
61 45 77 37
32 19 78 1706
6 35 80 4343
62 42 80 4
65 43 80 12
63 45 80 37
12 69 80 3
43 20 81 2228
34 65 82 7
40 44 83 2800
23 70 83 2660
70 1 84 189
58 5 85 3403
70 59 85 205
32 72 85 199
14 73 85 258
56 57 86 425
70 22 87 3131
38 51 87 14
74 53 87 1855
61 70 87 1968
78 12 88 20
54 52 88 728
60 78 88 8
72 30 89 32
48 54 89 1
27 60 89 412
28 3 90 832
4 11 90 5354
19 23 90 2453
68 0 91 7
68 2 91 10
22 43 91 3125
32 65 91 359
26 66 91 15
31 73 91 197
42 78 91 191
36 4 92 752
77 6 92 729
68 29 92 39
50 52 92 5
51 55 92 5
22 68 92 52
50 54 93 5
17 64 93 1027
17 74 93 606
4 76 93 866
24 36 94 23
72 54 94 250
2 59 94 1103
45 67 94 2505
26 65 95 0
43 24 96 2087
5 45 96 771
45 0 97 4
28 6 97 2
59 37 97 5124
74 70 97 1414
29 6 98 2
12 29 98 115
1 66 98 17
26 69 98 421
28 4 99 1
30 4 99 1
5 30 99 9
77 76 99 167
17 79 100 103
1 64 101 36
35 53 102 2739
63 59 102 1472
65 15 103 47
5 28 103 0
44 30 103 21
45 24 104 30
46 28 104 22
48 6 105 3175
62 22 105 1271
11 31 105 1806
21 9 107 4602
29 34 107 2419
1 40 107 401
64 63 107 58
35 76 107 977
70 1 109 1224
58 15 109 42
37 51 109 8
14 54 109 5685
65 57 109 61
67 78 109 592
51 68 110 1702
69 18 111 0
34 30 111 4
4 74 111 1818
63 18 112 712
32 28 112 17
0 58 112 78
51 50 113 2736
48 29 114 2571
26 19 115 14
74 47 115 2788
32 1 116 473
23 59 116 1
5 27 117 236
14 38 117 155
53 79 117 21
27 62 118 634
76 21 119 4360
30 21 120 1538
30 55 120 200
49 77 120 81
18 35 121 1185
16 42 121 119
33 1 122 18
6 10 122 7040
24 38 123 13
26 64 123 100
36 66 123 5776
74 69 123 2802
23 61 124 56
45 78 124 42
31 20 126 134
36 38 126 4185
18 41 126 22
4 48 126 2133
44 57 126 32
23 63 126 100
54 77 126 1026
46 7 127 6256
10 23 127 964
36 54 127 233
30 56 127 246
16 39 128 21
41 55 128 34
14 20 129 9
24 61 129 18
3 71 131 1184
76 2 132 460
3 23 132 2248
39 54 132 1
40 58 132 43
28 62 132 306
35 60 133 388
54 16 136 14208
73 75 137 1167
14 42 138 1820
20 64 138 363
61 46 139 33031
13 60 139 3029
68 74 140 16
9 42 143 8
31 46 143 3623
13 68 143 25
10 0 144 192
38 68 146 501
11 78 146 300
75 11 147 2830
19 61 147 39
3 49 148 1717
42 62 148 18
2 72 148 738
79 52 149 4
35 62 149 1172
29 63 149 385
30 70 149 96
26 5 150 2169
7 28 150 3116
7 67 151 23
57 16 153 31
75 27 153 30
36 70 153 153
16 52 154 7
72 29 155 68
40 30 155 4327
75 23 156 171
25 74 156 55
63 77 156 886
73 64 157 2042
76 71 157 238
20 74 157 431
69 1 158 381
9 9 158 3106
55 17 158 92
19 51 158 57
20 58 158 1711
61 29 159 17
37 50 159 2126
41 78 159 448
29 79 159 16
43 4 160 2224
62 13 160 2593
17 20 160 39
22 23 160 1332
70 23 160 41
75 28 161 871
45 35 161 70
32 77 161 10
28 74 162 836
19 18 163 20
30 78 163 2
40 35 164 161
59 35 164 2743
59 55 164 1975
5 61 165 2812
19 74 165 404
20 22 166 56
40 66 166 1417
52 77 166 435
62 10 167 22
64 13 167 5
47 24 167 25
4 40 167 2464
24 72 167 93
55 70 168 184
78 78 168 116
1 8 169 34
24 41 169 3637
37 52 169 49
4 7 170 11
53 56 170 1987
47 74 170 42
50 75 170 10
75 52 171 1732
51 71 171 65
58 74 171 34
67 77 171 22
58 78 171 33
0 0 172 4
25 57 172 27
52 17 173 1003
50 75 173 3
41 48 174 360
32 51 174 21
49 75 174 3
21 62 175 1816
53 76 175 237
24 7 176 8492
73 8 176 4870
35 15 176 12
46 23 176 3170
68 74 176 1047
3 8 177 1338
16 16 177 9
10 23 177 2186
73 70 177 28
74 31 179 3965
38 53 180 2749
34 74 180 3713
48 16 182 328
32 27 182 148
27 35 182 565
35 35 182 359
78 66 182 418
58 2 183 265
52 6 184 509
1 44 184 240
27 27 185 319
33 41 185 183
6 70 185 5001
66 57 186 3496
37 28 187 482
61 34 188 520
14 49 188 3873
54 77 188 1251
23 42 189 1
54 29 190 627
65 35 190 6
73 77 190 899
29 65 191 26
56 6 192 2182
38 34 192 214
31 68 192 25
17 79 192 1
66 34 193 8
29 36 193 3419
77 47 193 555
37 12 195 3300
60 30 195 1151
47 63 196 5035
12 1 197 468
77 7 197 1046
24 64 197 2598
74 26 199 1999
6 23 200 7289
27 71 201 870
79 72 202 214
24 44 203 26
61 75 203 589
39 1 204 151
64 14 204 1450
20 69 204 259
4 77 205 828
23 47 206 698
77 60 206 192
24 29 207 1984
68 62 207 2604
67 53 208 543
7 57 208 5052
72 59 208 192
48 42 209 6803
30 49 209 941
71 58 209 192
43 79 209 161
22 7 210 3507
60 15 211 1637
74 55 211 279
76 41 212 1418
22 77 214 1131
42 19 215 4378
45 34 215 55
24 47 215 654
75 6 217 1775
44 0 221 166
45 66 221 9969
6 6 222 2550
69 27 223 5634
3 75 223 1275
23 1 227 741
69 72 227 5384
7 74 228 92
15 35 229 18729
38 79 230 87
25 50 231 302
31 13 232 2060
54 45 232 4052
75 49 232 2629
46 27 233 645
22 70 234 6997
33 29 235 32
52 30 235 507
50 1 236 285
4 60 236 1644
52 20 237 2974
30 41 238 3333
70 6 240 4825
23 49 240 191
35 61 240 34
6 13 241 2161
44 25 241 226
34 56 242 83
43 58 242 2187
78 66 242 626
67 34 243 3120
72 60 243 34
51 74 243 2671
64 59 244 2583
41 8 245 1637
33 58 245 52
74 78 245 189
22 5 246 1322
0 10 246 53
25 21 246 1154
65 66 246 20
2 1 247 101
39 32 247 874
4 34 247 885
37 53 247 72
23 56 247 611
7 73 247 1230
7 11 248 154
58 18 248 260
4 55 248 233
35 59 248 35
33 73 248 272
79 18 249 3
79 22 249 1
