10000

0
1
2
3
4
5
6
7
7
8
10
11
12
13
14
15
15
16
18
20
21
22
23
24
24
25
27
29
31
31
33
34
34
35
37
39
40
42
43
45
45
46
49
50
51
52
54
55
55
56
58
61
63
64
66
69
69
70
72
73
75
75
77
79
79
80
83
86
87
89
91
92
92
94
96
99
101
102
104
105
105
106
110
112
114
115
117
120
120
121
125
128
129
129
130
132
132
133
135
138
141
143
147
149
149
151
153
155
157
159
161
164
164
164
167
170
171
173
176
178
178
179
182
185
187
187
191
194
194
195
199
201
204
206
207
211
211
213
216
218
220
221
223
224
224
226
229
234
236
237
241
244
244
246
251
253
255
255
257
259
259
260
264
268
269
272
274
277
277
278
281
285
289
290
294
297
297
298
300
303
306
308
311
314
314
315
320
323
325
325
329
330
330
331
333
339
341
343
346
350
350
353
357
359
361
363
366
371
371
372
378
380
382
384
386
388
388
391
393
396
399
399
404
407
407
408
413
416
419
421
424
429
429
430
434
439
440
442
445
447
447
447
451
455
459
461
465
469
469
471
475
479
483
483
484
488
488
489
494
497
499
502
507
509
509
512
515
520
522
523
529
533
533
535
537
541
544
546
548
552
552
553
559
561
563
563
567
570
570
572
576
582
585
587
592
596
596
599
605
607
611
613
615
618
618
619
624
631
633
635
638
640
640
641
644
651
654
654
657
660
660
661
667
669
672
676
681
687
687
689
695
697
699
701
704
707
707
708
711
716
720
722
729
735
735
738
740
743
746
746
750
755
755
756
761
766
768
772
774
776
776
779
783
788
792
793
799
802
802
802
810
814
818
819
822
830
830
832
837
841
843
843
848
850
850
851
853
859
863
865
871
875
875
878
882
885
889
892
894
899
899
901
907
912
913
917
922
926
926
928
933
938
942
942
947
952
952
954
958
961
966
968
971
974
974
976
985
991
992
994
998
1001
1001
1003
1007
1013
1015
1017
1022
1025
1025
1028
1035
1038
1041
1041
1044
1052
1052
1052
1058
1065
1069
1072
1075
1079
1079
1082
1085
1092
1098
1099
1107
1109
1109
1111
1115
1118
1122
1125
1129
1134
1134
1136
1140
1145
1148
1148
1153
1155
1155
1156
1161
1167
1169
1172
1178
1186
1186
1189
1195
1199
1204
1206
1210
1217
1217
1217
1223
1226
1228
1232
1236
1240
1240
1243
1246
1253
1256
1256
1264
1268
1268
1269
1275
1280
1283
1287
1290
1294
1294
1296
1305
1308
1311
1314
1319
1322
1322
1324
1328
1336
1342
1343
1347
1353
1353
1357
1361
1364
1369
1369
1372
1378
1378
1380
1389
1395
1397
1400
1408
1412
1412
1414
1416
1422
1424
1426
1431
1437
1437
1438
1444
1447
1452
1454
1458
1466
1466
1467
1476
1480
1483
1483
1487
1491
1491
1493
1496
1502
1507
1510
1517
1522
1522
1527
1534
1539
1543
1545
1549
1554
1554
1555
1562
1572
1574
1578
1581
1583
1583
1586
1592
1598
1602
1602
1609
1612
1612
1614
1618
1622
1627
1632
1635
1644
1644
1646
1650
1653
1656
1658
1666
1669
1669
1669
1674
1684
1688
1690
1700
1705
1705
1707
1713
1717
1722
1722
1726
1731
1731
1732
1740
1745
1747
1751
1755
1760
1760
1764
1770
1779
1783
1784
1788
1795
1795
1798
1805
1807
1813
1815
1820
1826
1826
1829
1835
1843
1845
1845
1848
1851
1851
1852
1856
1863
1869
1872
1880
1886
1886
1890
1896
1899
1902
1906
1910
1918
1918
1919
1930
1934
1937
1941
1947
1950
1950
1953
1957
1964
1970
1970
1979
1983
1983
1984
1990
1997
2000
2002
2005
2013
2013
2016
2022
2028
2030
2033
2037
2040
2040
2042
2046
2052
2055
2058
2067
2074
2074
2077
2086
2090
2097
2097
2101
2111
2111
2112
2118
2125
2128
2133
2139
2141
2141
2144
2149
2156
2162
2164
2172
2178
2178
2178
2182
2188
2194
2198
2201
2207
2207
2208
2219
2222
2224
2224
2230
2236
2236
2237
2243
2251
2255
2257
2264
2273
2273
2279
2283
2287
2293
2295
2300
2306
2306
2308
2313
2318
2321
2324
2332
2336
2336
2340
2343
2354
2356
2356
2364
2368
2368
2371
2382
2386
2392
2396
2400
2407
2407
2409
2418
2427
2431
2433
2436
2439
2439
2441
2445
2453
2458
2461
2469
2475
2475
2480
2488
2491
2495
2495
2501
2506
2506
2507
2515
2520
2523
2529
2533
2537
2537
2539
2544
2551
2555
2557
2566
2576
2576
2578
2586
2593
2598
2600
2603
2614
2614
2616
2625
2629
2633
2633
2639
2641
2641
2644
2649
2661
2666
2668
2676
2680
2680
2683
2690
2695
2701
2704
2707
2712
2712
2712
2723
2731
2733
2738
2744
2749
2749
2752
2756
2763
2770
2770
2777
2784
2784
2785
2789
2793
2800
2805
2812
2820
2820
2823
2830
2837
2839
2842
2853
2857
2857
2859
2863
2873
2877
2880
2885
2891
2891
2896
2902
2907
2912
2912
2917
2927
2927
2928
2938
2944
2948
2952
2956
2963
2963
2968
2974
2978
2983
2984
2996
2999
2999
3001
3009
3014
3017
3020
3024
3035
3035
3037
3046
3054
3056
3056
3060
3064
3064
3064
3069
3077
3083
3087
3099
3105
3105
3109
3117
3121
3129
3133
3136
3145
3145
3147
3153
3160
3165
3169
3177
3180
3180
3184
3191
3203
3207
3207
3216
3225
3225
3227
3231
3235
3239
3243
3247
3254
3254
3258
3268
3272
3275
3279
3283
3288
3288
3288
3294
3302
3309
3310
3317
3325
3325
3329
3337
3342
3349
3349
3355
3363
3363
3364
3376
3386
3388
3393
3401
3404
3404
3407
3411
3422
3427
3429
3435
3438
3438
3441
3451
3455
3459
3464
3468
3479
3479
3481
3493
3500
3503
3503
3512
3516
3516
3519
3523
3530
3534
3537
3544
3553
3553
3558
3562
3568
3575
3577
3585
3594
3594
3595
3602
3611
3615
3621
3627
3632
3632
3636
3640
3646
3651
3651
3659
3666
3666
3668
3679
3683
3692
3694
3697
3704
3704
3708
3718
3726
3729
3732
3739
3744
3744
3746
3752
3764
3770
3772
3785
3789
3789
3793
3797
3803
3808
3808
3812
3821
3821
3822
3834
3840
3843
3849
3859
3865
3865
3867
3872
3884
3888
3890
3897
3906
3906
3906
3912
3916
3925
3929
3935
3940
3940
3943
3950
3958
3961
3961
3965
3970
3970
3972
3977
3992
3996
4000
4008
4015
4015
4021
4035
4038
4042
4045
4051
4060
4060
4062
4074
4080
4084
4089
4095
4103
4103
4107
4111
4115
4124
4124
4136
4141
4141
4144
4148
4155
4160
4166
4172
4182
4182
4184
4194
4201
4205
4209
4214
4217
4217
4219
4224
4231
4235
4237
4248
4260
4260
4263
4273
4279
4286
4286
4289
4299
4299
4300
4309
4315
4318
4323
4331
4334
4334
4341
4348
4359
4362
4364
4374
4380
4380
4382
4390
4397
4403
4406
4410
4421
4421
4423
4433
4441
4444
4444
4452
4456
4456
4457
4466
4477
4486
4489
4497
4505
4505
4512
4518
4522
4530
4533
4539
4548
4548
4548
4558
4567
4570
4573
4581
4586
4586
4589
4595
4606
4612
4612
4621
4626
4626
4627
4633
4637
4643
4649
4653
4668
4668
4670
4680
4684
4689
4692
4698
4705
4705
4709
4713
4722
4727
4732
4745
4749
4749
4755
4766
4771
4777
4777
4783
4792
4792
4794
4801
4815
4818
4824
4829
4832
4832
4834
4841
4852
4858
4860
4872
4882
4882
4884
4894
4900
4907
4910
4915
4923
4923
4926
4932
4937
4941
4941
4952
4957
4957
4958
4963
4971
4975
4978
4992
5003
5003
5008
5014
5020
5026
5030
5034
5040
5040
5042
5058
5065
5068
5075
5079
5084
5084
5090
5096
5108
5115
5115
5120
5127
5127
5130
5142
5148
5156
5158
5165
5175
5175
5178
5191
5201
5204
5207
5214
5219
5219
5219
5223
5237
5243
5247
5253
5259
5259
5264
5272
5276
5283
5283
5290
5301
5301
5302
5312
5320
5323
5328
5336
5343
5343
5348
5353
5362
5370
5372
5386
5392
5392
5396
5404
5412
5420
5422
5428
5436
5436
5438
5448
5456
5458
5458
5464
5468
5468
5471
5479
5485
5489
5493
5504
5513
5513
5518
5530
5535
5542
5546
5550
5565
5565
5566
5572
5581
5587
5593
5600
5605
5605
5608
5613
5628
5632
5632
5647
5656
5656
5656
5664
5669
5677
5685
5689
5697
5697
5701
5715
5721
5725
5729
5737
5742
5742
5743
5749
5759
5765
5768
5774
5788
5788
5796
5802
5806
5813
5813
5819
5825
5825
5827
5837
5844
5847
5852
5862
5866
5866
5870
5876
5889
5895
5897
5910
5916
5916
5916
5926
5932
5936
5941
5950
5962
5962
5964
5978
5988
5994
5994
6000
6005
6005
6006
6011
6023
6034
6036
6045
6051
6051
6057
6063
6072
6078
6082
6087
6101
6101
6103
6114
6120
6122
6128
6139
6143
6143
6147
6155
6162
6166
6166
6174
6186
6186
6189
6197
6203
6212
6216
6222
6236
6236
6239
6247
6251
6256
6260
6270
6274
6274
6277
6284
6296
6301
6303
6316
6324
6324
6329
6335
6344
6352
6352
6356
6364
6364
6366
6381
6393
6396
6402
6406
6414
6414
6419
6427
6435
6444
6445
6456
6463
6463
6467
6475
6479
6487
6492
6497
6505
6505
6509
6523
6528
6532
6532
6545
6552
6552
6554
6558
6575
6579
6584
6594
6603
6603
6608
6620
6624
6629
6633
6637
6648
6648
6648
6662
6673
6677
6682
6686
6692
6692
6697
6702
6713
6717
6717
6729
6734
6734
6736
6749
6757
6764
6768
6775
6782
6782
6785
6793
6805
6809
6814
6818
6823
6823
6825
6832
6841
6849
6852
6866
6878
6878
6881
6891
6899
6909
6909
6915
6928
6928
6930
6938
6943
6949
6958
6971
6976
6976
6982
6986
7001
7007
7008
7019
7024
7024
7026
7036
7042
7050
7054
7059
7071
7071
7074
7088
7094
7097
7097
7107
7113
7113
7115
7121
7131
7136
7140
7149
7160
7160
7166
7173
7177
7187
7189
7196
7207
7207
7209
7220
7237
7240
7245
7255
7261
7261
7264
7270
7280
7288
7288
7295
7300
7300
7303
7309
7316
7323
7330
7336
7349
7349
7352
7369
7379
7383
7386
7394
7399
7399
7399
7406
7416
7422
7425
7443
7454
7454
7462
7470
7475
7479
7479
7486
7499
7499
7499
7509
7517
7521
7527
7533
7538
7538
7545
7553
7562
7567
7571
7582
7592
7592
7595
7609
7615
7627
7630
7635
7647
7647
7651
7661
7669
7675
7675
7684
7688
7688
7691
7700
7715
7721
7724
7734
7740
7740
7747
7753
7762
7767
7773
7779
7786
7786
7787
7797
7802
7806
7814
7825
7832
7832
7834
7841
7855
7863
7863
7873
7888
7888
7890
7896
7902
7910
7914
7924
7935
7935
7938
7951
7959
7962
7966
7976
7980
7980
7983
7987
8002
8009
8013
8022
8029
8029
8034
8052
8057
8064
8064
8070
8086
8086
8088
8107
8115
8120
8124
8129
8137
8137
8142
8146
8154
8163
8166
8177
8186
8186
8186
8192
8198
8205
8210
8217
8231
8231
8233
8243
8255
8258
8258
8266
8270
8270
8271
8283
8292
8298
8303
8317
8326
8326
8332
8340
8346
8357
8359
8364
8377
8377
8380
8393
8403
8407
8413
8419
8425
8425
8433
8438
8455
8461
8461
8479
8486
8486
8489
8499
8507
8513
8519
8523
8532
8532
8536
8545
8553
8556
8561
8571
8580
8580
8582
8588
8602
8612
8616
8627
8635
8635
8642
8652
8655
8667
8667
8672
8678
8678
8678
8689
8702
8706
8712
8725
8731
8731
8734
8741
8755
8759
8761
8772
8784
8784
8788
8800
8804
8809
8813
8822
8835
8835
8839
8854
8862
8866
8866
8870
8879
8879
8882
8886
8894
8903
8906
8923
8930
8930
8937
8950
8959
8965
8968
8977
8987
8987
8987
8995
9007
9011
9019
9025
9030
9030
9034
9043
9056
9065
9065
9078
9086
9086
9087
9097
9106
9115
9121
9126
9144
9144
9149
9162
9170
9174
9177
9190
9193
9193
9197
9203
9218
9222
9225
9235
9250
9250
9254
9260
9266
9277
9277
9281
9291
9291
9293
9309
9316
9320
9329
9337
9343
9343
9346
9358
9370
9378
9381
9391
9398
9398
9401
9412
9419
9429
9434
9439
9446
9446
9449
9462
9476
9481
9481
9491
9498
9498
9500
9505
9519
9524
9528
9538
9544
9544
9552
9562
9567
9575
9581
9589
9604
9604
9605
9620
9628
9635
9639
9651
9660
9660
9666
9671
9682
9686
9686
9706
9716
9716
9720
9728
9736
9744
9748
9755
9768
9768
9771
9780
9790
9796
9801
9807
9812
9812
9812
9822
9836
9840
9843
9851
9863
9863
9869
9886
9890
9897
9897
9903
9919
9919
9921
9931
9942
9946
9955
9964
9970
9970
9976
9982
9993
10002
10004
10019
10025
10025
10028
10036
10045
10053
10061
10069
10078
10078
10082
10098
10103
10106
10106
10117
10125
10125
10127
10134
10150
10160
10162
10173
10187
10187
10193
10201
10208
10220
10222
10227
10240
10240
10242
10259
10269
10273
10278
10290
10295
10295
10301
10305
10314
10320
10320
10328
10335
10335
10336
10350
10355
10363
10369
10378
10398
10398
10401
10412
10428
10432
10437
10446
10455
10455
10457
10464
10472
10484
10488
10506
10512
10512
10520
10528
10537
10543
10543
10551
10558
10558
10559
10572
10587
10592
10601
10606
10613
10613
10617
10623
10633
10637
10640
10656
10668
10668
10668
10676
10682
10691
10695
10699
10718
10718
10722
10733
10741
10748
10748
10760
10764
10764
10766
10773
10790
10795
10798
10815
10823
10823
10829
10843
10851
10860
10865
10871
10880
10880
10883
10899
10909
10913
10920
10927
10933
10933
10938
10948
10964
10974
10974
10983
10994
10994
10999
11009
11015
11025
11032
11040
11051
11051
11056
11070
11076
11079
11083
11097
11107
11107
11109
11114
11129
11135
11139
11150
11159
11159
11164
11174
11181
11187
11187
11195
11208
11208
11209
11227
11233
11240
11247
11253
11259
11259
11269
11274
11290
11298
11300
11310
11317
11317
11321
11332
11341
11347
11350
11359
11371
11371
11373
11389
11404
11408
11408
11416
11421
11421
11424
11433
11444
11450
11456
11468
11484
11484
11490
11502
11507
11519
11523
11529
11547
11547
11547
11557
11563
11568
11575
11592
11597
11597
11600
11609
11623
11631
11631
11645
11658
11658
11660
11666
11675
11686
11690
11695
11702
11702
11706
11726
11734
11737
11742
11750
11757
11757
11762
11772
11789
11795
11798
11811
11820
11820
11829
11837
11842
11852
11852
11861
11869
11869
11871
11881
11898
11902
11906
11919
11927
11927
11930
11936
11956
11965
11968
11978
11986
11986
11988
12002
12010
12020
12028
12034
12049
12049
12052
12064
12072
12078
12078
12086
12091
12091
12091
12099
12110
12120
12125
12140
12152
12152
12162
12172
12180
12187
12191
12199
12212
12212
12214
12222
12233
12236
12246
12252
12260
12260
12265
12274
12284
12290
12290
12309
12324
12324
12326
12343
12349
12358
12364
12369
12384
12384
12388
12404
12412
12418
12423
12434
12438
12438
12438
12445
12462
12471
12475
12493
12501
12501
12506
12512
12522
12528
12528
12533
12549
12549
12550
12567
12573
12577
12585
12601
12606
12606
12611
12619
12631
12639
12641
12652
12667
12667
12671
12677
12682
12693
12697
12707
12720
12720
12725
12735
12749
12753
12753
12761
12767
12767
12771
12778
12790
12796
12802
12816
12823
12823
12832
12846
12853
12864
12868
12873
12888
12888
12889
12911
12927
12931
12935
12941
12953
12953
12960
12969
12979
12989
12989
13005
13011
13011
13014
13026
13036
13042
13049
13055
13070
13070
13072
13081
13090
13096
13102
13116
13121
13121
13123
13129
13143
13149
13154
13166
13181
13181
13187
13199
13208
13222
13222
13228
13240
13240
13243
13252
13259
13266
13272
13284
13291
13291
13299
13309
13326
13330
13332
13349
13359
13359
13359
13375
13383
13394
13397
13403
13413
13413
13416
13434
13442
13445
13445
13451
13459
13459
13460
13467
13483
13495
13499
13510
13526
13526
13533
13539
13545
13553
13559
13572
13584
13584
13587
13606
13616
13620
13628
13638
13644
13644
13650
13657
13677
13681
13681
13689
13698
13698
13702
13716
13722
13728
13734
13743
13760
13760
13763
13784
13792
13798
13801
13809
13816
13816
13820
13824
13835
13845
13849
13864
13873
13873
13881
13894
13904
13914
13914
13925
13943
13943
13944
13952
13972
13976
13987
13998
14004
14004
14008
14016
14023
14032
14035
14049
14056
14056
14060
14070
14080
14094
14100
14104
14119
14119
14122
14133
14142
14149
14149
14161
14168
14168
14171
14180
14198
14202
14206
14227
14237
14237
14244
14254
14260
14266
14272
14277
14288
14288
14288
14304
14311
14316
14325
14337
14346
14346
14350
14358
14369
14378
14378
14394
14404
14404
14405
14417
14423
14434
14440
14448
14461
14461
14468
14484
14504
14509
14512
14520
14525
14525
14527
14536
14558
14567
14570
14582
14594
14594
14602
14614
14619
14627
14627
14636
14654
14654
14657
14673
14684
14690
14696
14704
14711
14711
14717
14723
14733
14743
14745
14762
14774
14774
14777
14785
14796
14802
14806
14816
14830
14830
14833
14848
14858
14864
14864
14874
14878
14878
14880
14888
14905
14911
14915
14925
14935
14935
14941
14963
14974
14985
14988
14992
15009
15009
15012
15022
15032
15037
15046
15059
15064
15064
15071
15077
15094
15103
15103
15121
15131
15131
15134
15142
15148
15160
15169
15175
15184
15184
15188
15204
15215
15218
15225
15244
15254
15254
15254
15265
15273
15281
15285
15296
15314
15314
15324
15332
15339
15354
15354
15362
15372
15372
15373
15389
15398
15402
15408
15416
15427
15427
15434
15441
15461
15467
15470
15484
15492
15492
15497
15515
15520
15527
15533
15539
15561
15561
15563
15577
15585
15591
15591
15598
15610
15610
15613
15620
15636
15645
15650
15670
15676
15676
15683
15691
15699
15709
15715
15726
15736
15736
15738
15752
15769
15773
15781
15790
15795
15795
15801
15812
15826
15830
15830
15845
15860
15860
15860
15876
15884
15895
15899
15907
15920
15920
15926
15938
15944
15948
15954
15962
15969
15969
15973
15983
15997
16004
16007
16026
16038
16038
16044
16056
16067
16076
16076
16081
16095
16095
16096
16118
16131
16138
16149
16157
16166
16166
16169
16177
16196
16210
16212
16222
16233
16233
16233
16241
16250
16262
16268
16276
16288
16288
16294
16313
16323
16327
16327
16348
16353
16353
16354
16360
16374
16382
16388
16400
16416
16416
16424
16436
16441
16448
16452
16460
16481
16481
16483
16494
16508
16514
16521
16533
16539
16539
16548
16556
16570
16581
16581
16597
16603
16603
16609
16617
16626
16635
16639
16647
16663
16663
16667
16679
16692
16698
16704
16709
16714
16714
16716
16727
16735
16744
16749
16766
16780
16780
16786
16798
16806
16816
16816
16822
16844
16844
16846
16861
16868
16874
16879
16897
16905
16905
16910
16920
16940
16946
16949
16970
16985
16985
16988
16998
17007
17017
17025
17031
17042
17042
17046
17061
17071
17076
17076
17084
17092
17092
17096
17106
17124
17132
17135
17145
17158
17158
17169
17183
17188
17199
17201
17215
17222
17222
17222
17241
17259
17263
17271
17284
17290
17290
17294
17298
17317
17327
17327
17343
17351
17351
17354
17364
17371
17377
17388
17395
17410
17410
17414
17435
17443
17451
17457
17465
17476
17476
17480
17485
17500
17510
17514
17530
17539
17539
17546
17562
17572
17579
17579
17588
17606
17606
17608
17623
17638
17641
17650
17658
17663
17663
17672
17682
17693
17697
17701
17713
17726
17726
17728
17744
17752
17768
17771
17780
17800
17800
17803
17813
17827
17832
17832
17843
17851
17851
17853
17860
17878
17890
17894
17909
17915
17915
17923
17933
17941
17954
17959
17967
17976
17976
17979
18001
18012
18017
18025
18041
18054
18054
18060
18072
18088
18094
18094
18106
18118
18118
18123
18133
18139
18153
18161
18170
18186
18186
18189
18202
18214
18219
18223
18235
18244
18244
18244
18251
18273
18277
18283
18297
18305
18305
18310
18331
18335
18344
18344
18351
18363
18363
18364
18384
18400
18408
18416
18424
18432
18432
18437
18443
18456
18468
18471
18490
18499
18499
18505
18515
18525
18531
18535
18543
18561
18561
18565
18575
18587
18591
18591
18604
18612
18612
18614
18621
18633
18643
18648
18668
18692
18692
18699
18707
18717
18728
18732
18739
18757
18757
18759
18777
18784
18792
18801
18815
18821
18821
18831
18838
18855
18862
18862
18875
18883
18883
18885
18898
18912
18922
18930
18935
18950
18950
18957
18981
18994
18999
19004
19016
19023
19023
19025
19037
19047
19056
19059
19070
19082
19082
19093
19101
19107
19121
19121
19132
19145
19145
19147
19163
19176
19179
19188
19208
19216
19216
19220
19227
19246
19254
19258
19266
19276
19276
19276
19286
19297
19306
19312
19320
19335
19335
19337
19363
19377
19383
19383
19391
19402
19402
19405
19413
19423
19430
19435
19459
19468
19468
19480
19490
19497
19507
19512
19520
19539
19539
19541
19551
19568
19576
19584
19592
19598
19598
19602
19611
19623
19634
19634
19654
19666
19666
19669
19687
19693
19705
19712
19720
19740
19740
19745
19754
19764
19770
19776
19793
19797
19797
19800
19809
19836
19840
19843
19860
19876
19876
19881
19891
19900
19910
19910
19918
19930
19930
19930
19944
19953
19956
19967
19977
19990
19990
19998
20006
20020
20030
20032
20050
20064
20064
20069
20083
20091
20103
20109
20119
20131
20131
20136
20155
20168
20173
20173
20188
20195
20195
20198
20206
20225
20237
20241
20250
20258
20258
20265
20285
20293
20304
20311
20317
20342
20342
20342
20360
20368
20376
20383
20391
20401
20401
20408
20416
20426
20434
20434
20447
20462
20462
20463
20475
20484
20496
20500
20512
20526
20526
20530
20541
20555
20559
20566
20574
20580
20580
20585
20596
20609
20618
20625
20645
20654
20654
20662
20679
20689
20702
20702
20709
20724
20724
20727
20743
20761
20767
20774
20784
20791
20791
20798
20812
20835
20840
20842
20865
20876
20876
20879
20885
20891
20896
20907
20913
20929
20929
20933
20953
20960
20965
20965
20979
20987
20987
20989
21001
21023
21033
21037
21053
21073
21073
21083
21093
21099
21114
21118
21125
21138
21138
21141
21154
21166
21172
21177
21189
21198
21198
21204
21212
21234
21243
21243
21252
21259
21259
21264
21286
21294
21299
21305
21315
21327
21327
21332
21352
21365
21372
21377
21384
21393
21393
21393
21399
21411
21425
21430
21453
21465
21465
21475
21483
21497
21505
21505
21516
21530
21530
21531
21547
21560
21567
21577
21592
21599
21599
21605
21614
21628
21636
21640
21659
21676
21676
21680
21692
21700
21714
21718
21723
21744
21744
21751
21768
21774
21780
21780
21796
21802
21802
21807
21813
21833
21840
21846
21860
21873
21873
21877
21891
21900
21910
21915
21925
21942
21942
21943
21964
21977
21980
21992
22002
22011
22011
22014
22027
22047
22062
22062
22078
22090
22090
22092
22100
22107
22123
22131
22138
22149
22149
22154
22167
22184
22188
22191
22204
22213
22213
22216
22226
22246
22254
22258
22273
22282
22282
22293
22303
22309
22317
22317
22326
22351
22351
22353
22370
22380
22385
22394
22404
22416
22416
22424
22430
22445
22455
22457
22481
22490
22490
22490
22514
22523
22535
22539
22549
22560
22560
22564
22576
22600
22606
22606
22613
22620
22620
22620
22632
22644
22649
22654
22669
22687
22687
22695
22711
22721
22734
22740
22747
22757
22757
22761
22777
22788
22794
22806
22822
22829
22829
22835
22842
22854
22862
22862
22886
22901
22901
22905
22913
22927
22939
22947
22955
22973
22973
22977
22996
23002
23007
23015
23027
23036
23036
23040
23050
23072
23085
23088
23099
23113
23113
23122
23139
23146
23158
23158
23168
23184
23184
23186
23202
23220
23224
23230
23247
23253
23253
23260
23266
23282
23290
23295
23306
23317
23317
23321
23331
23337
23349
23357
23369
23394
23394
23397
23420
23430
23436
23436
23451
23459
23459
23463
23469
23482
23490
23497
23512
23522
23522
23534
23544
23557
23566
23570
23578
23592
23592
23592
23608
23621
23627
23636
23642
23648
23648
23657
23671
23686
23691
23691
23709
23724
23724
23726
23747
23755
23767
23771
23777
23802
23802
23806
23822
23833
23843
23847
23864
23871
23871
23875
23882
23906
23915
23919
23944
23956
23956
23963
23977
23985
23999
23999
24005
24015
24015
24019
24038
24046
24053
24063
24074
24082
24082
24086
24096
24115
24125
24128
24139
24163
24163
24167
24179
24187
24197
24201
24217
24231
24231
24236
24256
24268
24273
24273
24283
24293
24293
24293
24300
24318
24324
24330
24343
24354
24354
24362
24379
24388
24396
24403
24414
24433
24433
24434
24453
24471
24477
24484
24492
24502
24502
24510
24516
24530
24548
24548
24568
24575
24575
24579
24595
24608
24619
24627
24638
24656
24656
24661
24676
24686
24690
24697
24709
24716
24716
24716
24728
24742
24748
24754
24768
24787
24787
24795
24805
24812
24829
24829
24836
24860
24860
24861
24871
24886
24894
24906
24918
24923
24923
24933
24946
24961
24968
24970
24993
25001
25001
25006
25018
25033
25044
25052
25058
25072
25072
25075
25098
25118
25122
25122
25134
25142
25142
25145
25155
25169
25185
25189
25209
25219
25219
25230
25238
25246
25256
25261
25269
25282
25282
25284
25297
25312
25318
25324
25347
25360
25360
25363
25369
25393
25399
25399
25420
25428
25428
25431
25449
25455
25466
25476
25486
25503
25503
25507
25529
25541
25550
25554
25562
25573
25573
25578
25589
25604
25612
25616
25632
25648
25648
25659
25675
25685
25692
25692
25701
25718
25718
25720
25734
25746
25750
25762
25771
25782
25782
25789
25799
25812
25824
25827
25843
25856
25856
25856
25870
25878
25890
25899
25906
25929
25929
25933
25947
25953
25961
25961
25981
25987
25987
25990
26001
26028
26034
26038
26058
26073
26073
26080
26092
26106
26117
26121
26127
26138
26138
26141
26169
26179
26184
26191
26203
26213
26213
26222
26230
26250
26258
26258
26269
26288
26288
26293
26305
26312
26330
26334
26343
26357
26357
26363
26382
26402
26407
26414
26431
26439
26439
26441
26448
26470
26484
26492
26504
26512
26512
26521
26533
26540
26551
26551
26561
26581
26581
26582
26611
26623
26629
26636
26650
26660
26660
26669
26679
26690
26700
26704
26726
26736
26736
26742
26750
26760
26770
26776
26785
26799
26799
26804
26814
26824
26831
26831
26841
26849
26849
26853
26862
26882
26888
26892
26918
26934
26934
26940
26961
26971
26988
26993
27000
27019
27019
27019
27029
27046
27055
27063
27076
27081
27081
27088
27100
27126
27134
27134
27145
27160
27160
27162
27174
27186
27196
27207
27215
27226
27226
27230
27252
27261
27266
27275
27291
27304
27304
27306
27320
27334
27344
27347
27365
27387
27387
27394
27406
27415
27423
27423
27432
27448
27448
27452
27477
27491
27496
27506
27518
27524
27524
27532
27538
27560
27570
27573
27587
27594
27594
27597
27619
27627
27637
27644
27651
27676
27676
27681
27699
27717
27724
27724
27735
27743
27743
27745
27751
27764
27779
27785
27808
27818
27818
27830
27838
27845
27854
27860
27875
27898
27898
27900
27914
27927
27932
27945
27961
27967
27967
27971
27986
27996
28004
28004
28020
28041
28041
28045
28059
28075
28090
28094
28101
28121
28121
28127
28143
28155
28163
28168
28182
28192
28192
28192
28202
28218
28225
28229
28253
28261
28261
28270
28288
28295
28308
28308
28315
28327
28327
28328
28345
28355
28360
28372
28384
28397
28397
28403
28413
28436
28445
28448
28458
28476
28476
28482
28492
28500
28518
28528
28541
28555
28555
28561
28579
28598
28605
28605
28621
28627
28627
28629
28636
28660
28668
28673
28687
28706
28706
28718
28738
28744
28755
28759
28773
28787
28787
28789
28809
28819
28825
28832
28838
28852
28852
28861
28868
28883
28895
28895
28922
28933
28933
28933
28944
28955
28964
28970
28985
29006
29006
29010
29031
29052
29058
29067
29076
29081
29081
29085
29095
29114
29124
29130
29142
29152
29152
29157
29173
29181
29195
29195
29203
29227
29227
29230
29246
29256
29262
29269
29292
29299
29299
29307
29313
29335
29343
29346
29368
29384
29384
29384
29392
29404
29416
29420
29430
29451
29451
29456
29474
29482
29486
29486
29502
29516
29516
29518
29530
29544
29558
29563
29573
29584
29584
29599
29615
29622
29640
29644
29651
29664
29664
29668
29694
29716
29721
29729
29740
29749
29749
29756
29766
29784
29793
29793
29813
29822
29822
29828
29844
29851
29858
29872
29881
29903
29903
29906
29929
29944
29953
29957
29972
29983
29983
29986
29993
30011
30019
30025
30048
30060
30060
30069
30081
30093
30104
30104
30112
30129
30129
30131
30145
30167
30175
30187
30197
30202
30202
30208
30220
30236
30244
30248
30260
30274
30274
30279
30305
30313
30324
30330
30340
30363
30363
30371
30385
30394
30400
30400
30409
30417
30417
30421
30432
30450
30464
30468
30492
30508
30508
30512
30520
30533
30545
30554
30561
30577
30577
30577
30600
30611
30616
30628
30648
30660
30660
30665
30676
30696
30708
30708
30723
30738
30738
30741
30751
30759
30772
30776
30786
30802
30802
30809
30831
30845
30849
30854
30874
30880
30880
30886
30894
30914
30920
30926
30939
30953
30953
30963
30980
30989
31000
31000
31010
31030
31030
31032
31054
31076
31082
31092
31102
31112
31112
31119
31129
31140
31156
31160
31188
31195
31195
31199
31211
31222
31235
31240
31248
31260
31260
31263
31282
31298
31304
31304
31314
31326
31326
31328
31343
31360
31368
31373
31390
31412
31412
31419
31437
31447
31459
31463
31471
31498
31498
31500
31515
31525
31534
31545
31559
31569
31569
31581
31590
31620
31627
31627
31653
31661
31661
31664
31678
31688
31703
31713
31722
31733
31733
31739
31755
31768
31772
31779
31787
31798
31798
31798
31811
31838
31853
31856
31872
31886
31886
31896
31906
31916
31932
31932
31947
31957
31957
31958
31972
31987
31991
32000
32013
32024
32024
32030
32036
32055
32067
32070
32087
32105
32105
32110
32126
32133
32143
32151
32163
32184
32184
32187
32210
32218
32229
32229
32239
32249
32249
32256
32266
32284
32292
32299
32320
32330
32330
32341
32366
32375
32381
32384
32392
32415
32415
32417
32437
32461
32466
32476
32488
32494
32494
32500
32512
32523
32532
32532
32551
32566
32566
32568
32582
32592
32610
32618
32625
32652
32652
32659
32671
32680
32689
32695
32721
32727
32727
32730
32740
32761
32769
32773
32798
32817
32817
32828
32836
32849
32863
32863
32870
32883
32883
32885
32909
32922
32928
32938
32950
32964
32964
32972
32987
33001
33010
33013
33030
33041
33041
33041
33051
33058
33073
33081
33090
33112
33112
33116
33131
33148
33153
33153
33174
33185
33185
33186
33195
33220
33228
33237
33252
33262
33262
33273
33293
33302
33310
33319
33327
33348
33348
33351
33367
33379
33390
33398
33412
33421
33421
33429
33438
33458
33468
33468
33488
33506
33506
33513
33529
33539
33547
33553
33566
33581
33581
33585
33603
33621
33627
33635
33643
33650
33650
33653
33663
33673
33682
33688
33715
33730
33730
33739
33759
33771
33786
33786
33796
33815
33815
33815
33836
33848
33858
33868
33878
33886
33886
33895
33902
33933
33948
33951
33970
33983
33983
33986
34000
34015
34029
34037
34043
34057
34057
34062
34092
34105
34109
34109
34125
34133
34133
34136
34144
34158
34166
34172
34183
34207
34207
34218
34228
34234
34254
34260
34272
34289
34289
34289
34308
34328
34332
34341
34357
34367
34367
34372
34384
34402
34410
34410
34426
34433
34433
34434
34460
34468
34481
34487
34501
34527
34527
34531
34553
34569
34574
34580
34590
34606
34606
34612
34620
34636
34650
34654
34673
34683
34683
34698
34714
34723
34733
34733
34744
34769
34769
34771
34781
34792
34798
34808
34824
34834
34834
34838
34849
34867
34873
34878
34900
34920
34920
34923
34943
34953
34971
34977
34983
34997
34997
35004
35018
35030
35036
35036
35048
35054
35054
35058
35068
35097
35105
35109
35134
35150
35150
35159
35171
35185
35193
35198
35207
35221
35221
35226
35250
35266
35273
35286
35298
35311
35311
35315
35327
35346
35364
35364
35382
35400
35400
35406
35414
35422
35435
35446
35461
35475
35475
35480
35506
35516
35524
35530
35551
35558
35558
35558
35565
35587
35599
35605
35617
35635
35635
35644
35656
35667
35681
35681
35688
35713
35713
35715
35746
35758
35766
35773
35787
35799
35799
35813
35821
35835
35842
35845
35866
35879
35879
35885
35904
35918
35925
35930
35944
35958
35958
35961
35972
35995
36003
36003
36016
36022
36022
36024
36038
36055
36067
36074
36092
36104
36104
36115
36127
36139
36157
36163
36169
36190
36190
36192
36211
36222
36228
36240
36260
36268
36268
36278
36289
36307
36313
36313
36340
36355
36355
36357
36369
36378
36387
36397
36403
36419
36419
36425
36449
36457
36465
36472
36486
36499
36499
36502
36513
36541
36552
36557
36573
36593
36593
36601
36621
36628
36646
36646
36660
36676
36676
36679
36692
36721
36728
36734
36745
36753
36753
36758
36771
36801
36811
36815
36830
36840
36840
36840
36856
36862
36870
36881
36893
36916
36916
36921
36943
36957
36964
36964
36976
36990
36990
36991
36997
37014
37028
37033
37065
37075
37075
37083
37095
37108
37120
37124
37140
37161
37161
37164
37183
37193
37199
37213
37223
37231
37231
37242
37252
37269
37278
37278
37294
37304
37304
37309
37336
37348
37365
37371
37376
37405
37405
37411
37430
37448
37455
37461
37477
37484
37484
37488
37502
37516
37527
37531
37551
37569
37569
37575
37585
37593
37606
37606
37614
37634
37634
37636
37654
37669
37674
37690
37710
37722
37722
37729
37744
37763
37777
37780
37794
37806
37806
37813
37823
37833
37850
37854
37865
37877
37877
37882
37905
37925
37929
37929
37943
37952
37952
37958
37969
37997
38008
38014
38033
38043
38043
38055
38071
38078
38087
38094
38106
38135
38135
38135
38157
38173
38183
38188
38201
38213
38213
38220
38226
38242
38257
38257
38279
38291
38291
38294
38304
38316
38328
38340
38353
38371
38371
38377
38392
38407
38412
38420
38433
38439
38439
38441
38457
38476
38482
38489
38512
38539
38539
38549
38573
38583
38595
38595
38603
38625
38625
38628
38647
38655
38664
38677
38695
38705
38705
38715
38722
38742
38751
38754
38773
38794
38794
38797
38808
38824
38836
38843
38852
38865
38865
38870
38904
38916
38924
38924
38936
38947
38947
38947
38956
38972
38986
38990
39006
39022
39022
39036
39052
39061
39076
39082
39093
39104
39104
39108
39133
39152
39156
39162
39188
39196
39196
39202
39210
39236
39242
39242
39254
39269
39269
39274
39290
39298
39309
39317
39325
39357
39357
39361
39383
39395
39400
39407
39419
39427
39427
39427
39441
39456
39471
39478
39496
39505
39505
39516
39534
39550
39565
39565
39576
39587
39587
39588
39608
39637
39644
39654
39661
39671
39671
39679
39690
39710
39722
39725
39754
39769
39769
39774
39788
39800
39816
39824
39832
39861
39861
39868
39883
39891
39901
39901
39929
39940
39940
39945
39955
39976
39982
39987
40014
40031
40031
40040
40050
40058
40076
40084
40093
40111
40111
40113
40129
40142
40148
40162
40170
40182
40182
40188
40202
40221
40233
40233
40249
40271
40271
40275
40297
40305
40318
40326
40336
40349
40349
40357
40371
40389
40393
40401
40413
40424
40424
40426
40433
40454
40469
40475
40495
40507
40507
40515
40531
40541
40549
40549
40563
40587
40587
40589
40617
40629
40640
40650
40668
40678
40678
40686
40696
40718
40730
40732
40756
40771
40771
40771
40785
40802
40814
40820
40833
40863
40863
40867
40883
40893
40899
40899
40907
40913
40913
40916
40930
40945
40953
40961
40981
40997
40997
41003
41026
41036
41058
41062
41071
41094
41094
41098
41111
41129
41136
41147
41169
41180
41180
41189
41199
41219
41228
41228
41252
41262
41262
41267
41279
41297
41313
41325
41331
41342
41342
41347
41376
41385
41390
41397
41413
41426
41426
41430
41441
41467
41473
41477
41497
41520
41520
41535
41543
41550
41562
41562
41574
41590
41590
41591
41614
41629
41637
41643
41663
41673
41673
41682
41690
41718
41724
41730
41748
41760
41760
41766
41794
41800
41813
41820
41828
41847
41847
41852
41879
41903
41914
41914
41923
41935
41935
41938
41948
41966
41982
41987
42004
42020
42020
42035
42051
42062
42073
42077
42089
42106
42106
42106
42126
42144
42150
42165
42176
42183
42183
42192
42206
42222
42230
42230
42254
42282
42282
42282
42292
42304
42318
42326
42338
42356
42356
42361
42374
42386
42396
42404
42418
42425
42425
42433
42442
42470
42480
42484
42505
42513
42513
42521
42541
42558
42571
42571
42580
42599
42599
42603
42629
42639
42643
42657
42678
42686
42686
42692
42708
42722
42740
42744
42755
42769
42769
42773
42785
42792
42810
42818
42834
42858
42858
42863
42881
42902
42907
42907
42930
42944
42944
42945
42957
42979
42989
42995
43011
43029
43029
43039
43055
43063
43076
43082
43092
43113
43113
43116
43146
43160
43167
43173
43181
43193
43193
43207
43215
43233
43246
43246
43278
43287
43287
43295
43313
43323
43331
43337
43346
43372
43372
43376
43389
43412
43420
43427
43444
43453
43453
43453
43463
43487
43497
43503
43530
43546
43546
43552
43572
43583
43597
43597
43604
43628
43628
43630
43646
43660
43671
43681
43693
43701
43701
43708
43725
43753
43763
43766
43784
43799
43799
43804
43818
43828
43842
43852
43861
43877
43877
43881
43911
43919
43924
43924
43936
43950
43950
43954
43964
43985
43996
44002
44015
44036
44036
44049
44066
44077
44091
44097
44113
44127
44127
44129
44148
44168
44176
44189
44206
44215
44215
44221
44228
44260
44277
44277
44289
44298
44298
44298
44314
44326
44338
44348
44358
44383
44383
44389
44419
44431
44439
44443
44466
44479
44479
44484
44490
44503
44513
44522
44549
44571
44571
44583
44595
44605
44620
44620
44636
44656
44656
44658
44676
44697
44702
44716
44726
44734
44734
44744
44756
44770
44778
44784
44806
44821
44821
44821
44843
44853
44869
44875
44886
44904
44904
44909
44932
44947
44957
44957
44971
44978
44978
44979
44994
45022
45031
45036
45066
45082
45082
45094
45104
45114
45128
45139
45145
45166
45166
45168
45189
45199
45205
45214
45230
45245
45245
45251
45261
45287
45301
45301
45320
45344
45344
45350
45362
45371
45392
45398
45410
45422
45422
45431
45446
45466
45472
45478
45494
45505
45505
45509
45517
45540
45548
45553
45571
45582
45582
45596
45627
45635
45644
45644
45656
45681
45681
45683
45707
45723
45731
45742
45752
45767
45767
45773
45782
45794
45808
45810
45842
45854
45854
45860
45876
45895
45904
45915
45927
45949
45949
45953
45969
45984
45990
45990
46008
46014
46014
46018
46029
46048
46060
46068
46083
46097
46097
46104
46120
46137
46149
46153
46162
46197
46197
46197
46217
46227
46233
46241
46261
46267
46267
46279
46293
46315
46322
46322
46351
46367
46367
46370
46384
46395
46413
46421
46433
46457
46457
46463
46483
46503
46509
46518
46528
46540
46540
46544
46564
46578
46600
46606
46620
46638
46638
46652
46662
46673
46695
46695
46706
46722
46722
46725
46751
46772
46776
46784
46810
46822
46822
46826
46836
46858
46866
46871
46891
46904
46904
46908
46930
46940
46951
46961
46968
46995
46995
46999
47016
47028
47037
47037
47047
47057
47057
47060
47068
47084
47095
47102
47131
47143
47143
47155
47179
47189
47204
47209
47221
47241
47241
47243
47262
47294
47302
47315
47325
47336
47336
47344
47358
47371
47380
47380
47396
47417
47417
47422
47442
47452
47470
47476
47486
47507
47507
47516
47532
47541
47550
47558
47571
47580
47580
47580
47589
47617
47627
47631
47654
47678
47678
47686
47698
47710
47718
47718
47731
47747
47747
47749
47780
47790
47796
47811
47827
47838
47838
47850
47864
47893
47906
47909
47929
47940
47940
47946
47964
47974
47992
47996
48007
48027
48027
48035
48065
48089
48094
48094
48109
48118
48118
48123
48129
48160
48170
48178
48196
48208
48208
48216
48234
48242
48256
48265
48280
48303
48303
48304
48325
48340
48349
48360
48376
48389
48389
48396
48406
48420
48436
48436
48460
48475
48475
48479
48491
48501
48511
48519
48528
48551
48551
48555
48578
48602
48612
48620
48630
48644
48644
48649
48664
48680
48687
48692
48718
48734
48734
48742
48762
48770
48786
48786
48792
48816
48816
48820
48838
48855
48863
48877
48901
48910
48910
48915
48924
48949
48959
48963
48998
49010
49010
49010
49024
49035
49048
49061
49069
49080
49080
49087
49105
49118
49126
49126
49150
49161
49161
49163
49184
49216
49228
49232
49243
49268
49268
49285
49297
49304
49318
49322
49336
49351
49351
49356
49372
49387
49393
49403
49419
49430
49430
49439
49449
49471
49483
49483
49495
49510
49510
49515
49538
49552
49564
49576
49590
49622
49622
49626
49660
49676
49684
49689
49699
49712
49712
49716
49726
49748
49769
49773
49793
49803
49803
49814
49830
49844
49857
49857
49868
49887
49887
49887
49905
49919
49927
49941
49959
49966
49966
49977
49989
50002
50008
50012
50031
50061
50061
50066
50078
50086
50108
50112
50123
50154
50154
50160
50175
50191
50198
50198
50222
50230
50230
50235
50249
50274
50283
50288
50318
50330
50330
50341
50359
50377
50392
50396
50402
50413
50413
50413
50444
50464
50470
50482
50494
50515
50515
50520
50535
50560
50574
50574
50592
50605
50605
50607
50619
50627
50639
50652
50664
50687
50687
50695
50719
50735
50741
50748
50772
50782
50782
50786
50794
50820
50828
50835
50857
50867
50867
50874
50896
50903
50920
50920
50934
50952
50952
50955
50974
50992
51003
51011
51019
51034
51034
51046
51055
51081
51093
51097
51117
51128
51128
51133
51154
51168
51183
51187
51204
51218
51218
51223
51242
51262
51268
51268
51279
51289
51289
51291
51301
51318
51334
51341
51370
51388
51388
51397
51411
51425
51442
51450
51460
51490
51490
51493
51513
51526
51535
51549
51573
51580
51580
51592
51600
51626
51634
51634
51656
51680
51680
51683
51699
51712
51722
51732
51741
51761
51761
51769
51803
51817
51822
51832
51844
51854
51854
51854
51866
51886
51894
51900
51919
51940
51940
51953
51967
51975
51995
51995
52011
52037
52037
52039
52061
52087
52094
52102
52120
52130
52130
52135
52145
52162
52180
52186
52203
52215
52215
52224
52240
52251
52261
52274
52283
52306
52306
52311
52343
52355
52366
52366
52379
52391
52391
52397
52407
52421
52433
52437
52466
52484
52484
52499
52513
52526
52535
52541
52552
52575
52575
52576
52594
52608
52617
52628
52644
52656
52656
52661
52675
52700
52707
52707
52728
52742
52742
52744
52776
52793
52811
52821
52829
52852
52852
52858
52870
52882
52893
52901
52918
52924
52924
52928
52939
52971
52981
52986
53007
53021
53021
53033
53047
53063
53076
53076
53089
53104
53104
53107
53139
53149
53154
53168
53186
53205
53205
53211
53223
53237
53251
53254
53281
53311
53311
53311
53325
53336
53354
53364
53375
53389
53389
53395
53420
53436
53445
53445
53463
53472
53472
53474
53480
53508
53522
53528
53541
53552
53552
53562
53589
53597
53605
53610
53622
53657
53657
53661
53693
53717
53723
53732
53743
53755
53755
53766
53776
53797
53811
53811
53830
53842
53842
53848
53862
53870
53885
53892
53910
53935
53935
53939
53957
53981
53987
53997
54017
54026
54026
54028
54042
54058
54066
54073
54097
54122
54122
54133
54153
54165
54188
54188
54195
54216
54216
54218
54232
54245
54252
54263
54279
54288
54288
54305
54319
54347
54355
54358
54385
54397
54397
54402
54418
54428
54444
54454
54461
54481
54481
54487
54502
54520
54528
54528
54544
54564
54564
54567
54581
54603
54621
54627
54651
54671
54671
54681
54697
54704
54726
54734
54748
54759
54759
54759
54786
54807
54813
54820
54845
54853
54853
54858
54867
54900
54908
54908
54926
54944
54944
54947
54961
54973
54985
54991
55002
55027
55027
55034
55058
55072
55081
55088
55098
55111
55111
55118
55128
55145
55161
55167
55197
55211
55211
55224
55237
55248
55255
55255
55270
55294
55294
55297
55319
55337
55348
55365
55373
55380
55380
55390
55408
55428
55442
55446
55466
55481
55481
55484
55510
55524
55543
55551
55558
55593
55593
55598
55624
55637
55644
55644
55676
55685
55685
55685
55700
55722
55728
55735
55752
55772
55772
55782
55792
55809
55824
55830
55839
55856
55856
55859
55886
55899
55905
55923
55947
55956
55956
55967
55981
55999
56010
56010
56026
56042
56042
56050
56061
56076
56097
56105
56121
56134
56134
56139
56164
56196
56203
56207
56224
56239
56239
56239
56249
56278
56286
56293
56318
56330
56330
56343
56355
56363
56373
56373
56381
56413
56413
56413
56433
56445
56455
56465
56488
56504
56504
56512
56521
56543
56555
56559
56584
56600
56600
56606
56626
56636
56649
56655
56669
56693
56693
56698
56719
56735
56743
56743
56751
56758
56758
56765
56783
56801
56810
56818
56834
56855
56855
56864
56894
56902
56920
56925
56936
56963
56963
56967
56981
56998
57006
57017
57031
57042
57042
57052
57066
57092
57110
57110
57146
57158
57158
57161
57171
57189
57200
57214
57226
57244
57244
57250
57283
57293
57300
57312
57332
57343
57343
57346
57358
57390
57408
57413
57429
57450
57450
57462
57482
57491
57509
57509
57519
57537
57537
57541
57560
57582
57589
57599
57611
57620
57620
57628
57638
57656
57667
57673
57693
57710
57710
57710
57736
57743
57756
57765
57777
57800
57800
57804
57835
57862
57868
57868
57880
57892
57892
57895
57907
57923
57942
57951
57983
57995
57995
58010
58020
58040
58053
58059
58072
58094
58094
58097
58111
58135
58143
58153
58165
58176
58176
58182
58197
58214
58224
58224
58257
58272
58272
58279
58301
58311
58328
58334
58343
58373
58373
58382
58398
58406
58416
58421
58437
58450
58450
58456
58466
58499
58507
58513
58541
58559
58559
58566
58584
58598
58616
58616
58624
58639
58639
58640
58670
58693
58698
58708
58722
58733
58733
58738
58753
58783
58800
58804
58816
58839
58839
58847
58863
58871
58885
58896
58913
58930
58930
58937
58955
58968
58974
58974
58997
59010
59010
59012
59021
59051
59059
59066
59085
59107
59107
59121
59139
59148
59160
59168
59183
59206
59206
59206
59240
59252
59265
59275
59289
59301
59301
59316
59323
59339
59352
59352
59378
59391
59391
59393
59423
59439
59453
59459
59469
59492
59492
59498
59525
59540
59545
59553
59569
59576
59576
59580
59590
59607
59619
59629
59646
59674
59674
59685
59701
59713
59731
59731
59742
59772
59772
59775
59793
59811
59819
59832
59860
59870
59870
59878
59893
59924
59936
59939
59967
59982
59982
59986
59994
60008
60028
60038
60046
60064
60064
60068
60098
60114
60119
60119
60131
60148
60148
60151
60170
60190
60200
60204
60223
60238
60238
60253
60276
60286
60303
60310
60326
60348
60348
60352
60372
60390
60396
60405
60422
60436
60436
60443
60453
60480
60495
60495
60519
60533
60533
60538
60556
60563
60581
60599
60609
60636
60636
60641
60657
60675
60688
60695
60708
60717
60717
60717
60729
60745
60759
60765
60790
60809
60809
60825
60843
60859
60867
60867
60885
60906
60906
60908
60926
60945
60951
60970
60982
60991
60991
60999
61010
61025
61038
61043
61077
61095
61095
61099
61119
61135
61145
61150
61160
61190
61190
61198
61216
61236
61244
61244
61263
61271
61271
61276
61286
61322
61336
61340
61371
61383
61383
61391
61405
61420
61438
61447
61455
61476
61476
61479
61515
61525
61531
61542
61566
61576
61576
61585
61597
61616
61628
61628
61640
61674
61674
61674
61684
61696
61720
61726
61743
61768
61768
61774
61800
61814
61819
61826
61850
61860
61860
61865
61879
61910
61920
61927
61942
61952
61952
61966
61996
62005
62020
62020
62028
62048
62048
62050
62080
62108
62118
62128
62141
62155
62155
62167
62177
62199
62214
62217
62244
62253
62253
62253
62265
62282
62294
62302
62320
62344
62344
62348
62363
62380
62391
62391
62404
62413
62413
62414
62426
62444
62450
62462
62488
62521
62521
62530
62552
62561
62583
62589
62600
62619
62619
62624
62644
62655
62669
62683
62697
62706
62706
62715
62729
62761
62769
62769
62795
62819
62819
62825
62851
62861
62870
62878
62890
62908
62908
62914
62942
62958
62963
62974
62989
63006
63006
63008
63020
63038
63057
63062
63082
63106
63106
63119
63129
63139
63159
63159
63174
63192
63192
63195
63222
63237
63245
63258
63282
63294
63294
63304
63312
63346
63354
63358
63371
63381
63381
63387
63411
63425
63436
63442
63456
63489
63489
63495
63521
63537
63547
63547
63567
63582
63582
63590
63600
63614
63627
63632
63655
63666
63666
63683
63704
63717
63731
63737
63748
63778
63778
63778
63791
63826
63834
63852
63862
63872
63872
63879
63898
63916
63932
63932
63956
63969
63969
63972
63988
64002
64024
64034
64041
64062
64062
64070
64098
64111
64119
64125
64149
64160
64160
64166
64182
64202
64212
64216
64253
64269
64269
64278
64290
64302
64317
64317
64324
64350
64350
64354
64379
64392
64400
64409
64425
64440
64440
64448
64462
64496
64507
64510
64537
64557
64557
64562
64582
64590
64607
64617
64630
64650
64650
64659
64682
64707
64713
64713
64731
64738
64738
64740
64752
64782
64800
64806
64822
64836
64836
64850
64874
64885
64894
64904
64914
64937
64937
64941
64973
64985
64991
65002
65015
65032
65032
65040
65051
65063
65075
65075
65107
65122
65122
65129
65141
65160
65171
65181
65196
65210
65210
65213
65233
65251
65258
65270
65286
65295
65295
65295
65308
65336
65346
65351
65370
65393
65393
65399
65431
65447
65469
65469
65479
65511
65511
65511
65535
65557
65568
65579
65602
65613
65613
65626
65636
65660
65669
65673
65697
65718
65718
65724
65736
65750
65772
65785
65798
65818
65818
65824
65844
65855
65862
65862
65886
65902
65902
65905
65922
65942
65958
65965
65985
66009
66009
66023
66033
66044
66066
66070
66084
66105
66105
66107
66134
66160
66165
66176
66188
66198
66198
66210
66222
66256
66264
66264
66281
66293
66293
66297
66317
66324
66337
66349
66362
66386
66386
66390
66419
66438
66451
66456
66469
66484
66484
66488
66496
66523
66540
66549
66585
66595
66595
66608
66634
66650
66664
66664
66674
66694
66694
66698
66715
66733
66740
66755
66776
66785
66785
66793
66809
66829
66837
66841
66858
66886
66886
66886
66912
66926
66944
66948
66956
66979
66979
66988
67010
67020
67031
67031
67045
67054
67054
67057
67066
67090
67101
67105
67144
67164
67164
67172
67188
67205
67220
67229
67240
67258
67258
67261
67290
67307
67316
67333
67351
67361
67361
67368
67379
67408
67429
67429
67449
67465
67465
67472
67486
67497
67511
67524
67534
67559
67559
67568
67587
67607
67615
67621
67652
67661
67661
67664
67678
67703
67715
67724
67743
67767
67767
67777
67793
67801
67812
67812
67833
67873
67873
67873
67899
67913
67919
67927
67939
67957
67957
67969
67979
67992
68011
68015
68043
68055
68055
68063
68082
68098
68117
68123
68136
68164
68164
68169
68193
68221
68227
68227
68236
68246
68246
68250
68273
68289
68298
68307
68333
68347
68347
68360
68380
68390
68401
68410
68420
68449
68449
68449
68467
68479
68492
68505
68537
68548
68548
68556
68565
68603
68611
68611
68639
68659
68659
68660
68674
68688
68704
68714
68722
68739
68739
68748
68774
68794
68803
68812
68824
68835
68835
68841
68856
68882
68894
68899
68919
68939
68939
68957
68975
68984
69002
69002
69018
69030
69030
69035
69065
69094
69100
69113
69125
69144
69144
69152
69160
69178
69194
69198
69218
69231
69231
69234
69260
69270
69281
69294
69314
69346
69346
69349
69389
69401
69411
69411
69426
69438
69438
69442
69450
69480
69496
69502
69529
69545
69545
69560
69572
69584
69599
69603
69617
69638
69638
69641
69658
69676
69684
69694
69712
69724
69724
69739
69755
69771
69781
69781
69805
69820
69820
69824
69846
69858
69882
69888
69900
69936
69936
69942
69961
69984
69993
70004
70025
70035
70035
70035
70047
70070
70085
70089
70109
70121
70121
70131
70145
70161
70180
70180
70189
70209
70209
70211
70248
70266
70272
70288
70307
70322
70322
70329
70350
70378
70388
70392
70413
70443
70443
70452
70466
70475
70488
70496
70506
70525
70525
70531
70558
70578
70585
70585
70611
70626
70626
70629
70637
70668
70678
70690
70709
70721
70721
70733
70762
70774
70792
70800
70810
70838
70838
70841
70866
70890
70902
70912
70927
70938
70938
70945
70958
70977
70996
70996
71026
71044
71044
71047
71063
71075
71086
71097
71120
71138
71138
71145
71161
71178
71184
71194
71210
71218
71218
71223
71237
71254
71264
71269
71291
71325
71325
71332
71346
71363
71383
71383
71394
71430
71430
71433
71459
71467
71477
71490
71508
71515
71515
71529
71545
71572
71582
71587
71605
71619
71619
71619
71646
71665
71679
71689
71697
71721
71721
71728
71758
71770
71776
71776
71796
71808
71808
71810
71822
71851
71869
71874
71887
71913
71913
71927
71937
71945
71967
71972
71988
72013
72013
72017
72038
72064
72072
72082
72117
72130
72130
72136
72147
72173
72189
72189
72214
72226
72226
72234
72250
72260
72276
72286
72296
72322
72322
72327
72364
72380
72390
72398
72410
72424
72424
72430
72439
72463
72476
72484
72522
72532
72532
72547
72573
72587
72596
72596
72609
72633
72633
72634
72650
72673
72681
72696
72710
72721
72721
72729
72744
72767
72776
72783
72818
72839
72839
72843
72863
72873
72899
72911
72923
72942
72942
72951
72967
72986
72995
72995
73011
73021
73021
73027
73038
73075
73083
73088
73116
73149
73149
73160
73180
73196
73212
73216
73226
73239
73239
73239
73261
73272
73277
73297
73309
73328
73328
73338
73352
73370
73389
73389
73408
73421
73421
73425
73451
73460
73481
73489
73505
73521
73521
73529
73555
73581
73590
73598
73620
73633
73633
73637
73648
73683
73693
73700
73716
73730
73730
73743
73767
73781
73793
73793
73802
73835
73835
73838
73879
73899
73906
73915
73931
73943
73943
73953
73963
73980
73994
74000
74029
74049
74049
74054
74066
74079
74090
74096
74112
74139
74139
74144
74162
74184
74192
74192
74208
74216
74216
74216
74236
74258
74268
74278
74306
74328
74328
74342
74364
74378
74398
74402
74411
74438
74438
74441
74465
74487
74498
74506
74523
74534
74534
74546
74559
74584
74600
74600
74630
74647
74647
74653
74663
74679
74697
74714
74722
74748
74748
74752
74779
74788
74797
74804
74838
74859
74859
74859
74871
74891
74905
74911
74937
74961
74961
74977
74991
74999
75017
75017
75033
75046
75046
75048
75071
75096
75104
75114
75132
75140
75140
75151
75163
75203
75211
75215
75232
75243
75243
75252
75280
75295
75309
75318
75337
75356
75356
75362
75394
75410
75419
75419
75433
75452
75452
75458
75468
75486
75510
75516
75548
75566
75566
75577
75589
75603
75614
75623
75636
75661
75661
75663
75693
75712
75722
75737
75752
75762
75762
75768
75782
75811
75823
75823
75843
75870
75870
75873
75895
75907
75930
75938
75948
75991
75991
76000
76022
76034
76042
76050
76070
76077
76077
76085
76099
76125
76131
76139
76161
76177
76177
76186
76203
76214
76230
76230
76245
76264
76264
76268
76287
76313
76318
76334
76354
76368
76368
76373
76389
76416
76439
76442
76459
76473
76473
76473
76487
76500
76525
76536
76548
76565
76565
76573
76603
76624
76630
76630
76656
76673
76673
76675
76688
76712
76720
76727
76747
76761
76761
76777
76801
76808
76821
76831
76841
76876
76876
76878
76908
76929
76940
76951
76963
76984
76984
76998
77010
77031
77040
77040
77075
77089
77089
77095
77126
77140
77154
77162
77180
77201
77201
77208
77224
77258
77270
77282
77292
77300
77300
77302
77318
77338
77354
77359
77377
77393
77393
77406
77432
77444
77461
77461
77473
77497
77497
77499
77515
77526
77534
77551
77578
77590
77590
77600
77614
77649
77661
77665
77705
77732
77732
77737
77747
77764
77775
77787
77799
77823
77823
77828
77870
77880
77890
77890
77904
77916
77916
77922
77938
77960
77976
77980
77998
78019
78019
78028
78042
78056
78075
78081
78096
78120
78120
78120
78155
78175
78180
78188
78208
78219
78219
78226
78236
78264
78276
78276
78297
78312
78312
78313
78337
78346
78361
78375
78385
78417
78417
78422
78444
78464
78474
78482
78500
78516
78516
78522
78532
78550
78564
78573
78603
78624
78624
78644
78656
78677
78695
78695
78711
78729
78729
78732
78756
78779
78789
78800
78814
78824
78824
78840
78856
78873
78880
78884
78915
78937
78937
78942
78972
78984
79001
79010
79018
79053
79053
79062
79076
79092
79107
79107
79131
79140
79140
79142
79157
79198
79211
79218
79247
79259
79259
79267
79283
79293
79313
79325
79334
79357
79357
79361
79383
79397
79405
79423
79439
79450
79450
79456
79475
79508
79518
79518
79537
79562
79562
79570
79588
79598
79618
79626
79646
79666
79666
79675
79704
79718
79723
79729
79747
79764
79764
79764
79774
79802
79819
79827
79858
79874
79874
79881
79908
79921
79933
79933
79945
79979
79979
79980
80003
80025
80036
80049
80063
80077
80077
80092
80102
80117
80143
80148
80173
80183
80183
80192
80210
80226
80239
80244
80258
80292
80292
80299
80324
80351
80358
80358
80378
80386
80386
80390
80402
80420
80430
80436
80468
80499
80499
80509
80533
80545
80565
80569
80579
80606
80606
80609
80624
80647
80653
80669
80693
80705
80705
80717
80729
80749
80760
80760
80793
80808
80808
80808
80829
80847
80865
80873
80880
80898
80898
80904
80941
80964
80972
80981
80997
81014
81014
81018
81039
81061
81082
81086
81110
81126
81126
81145
81157
81165
81185
81185
81197
81225
81225
81229
81247
81260
81271
81282
81310
81320
81320
81328
81337
81369
81379
81386
81408
81432
81432
81432
81454
81463
81479
81491
81503
81535
81535
81539
81567
81587
81596
81596
81608
81624
81624
81626
81641
81668
81676
81683
81708
81724
81724
81741
81774
81788
81801
81806
81827
81849
81849
81852
81874
81903
81910
81927
81938
81948
81948
81956
81966
81986
81996
81996
82018
82048
82048
82054
82068
82088
82104
82118
82132
82149
82149
82157
82188
82199
82211
82220
82252
82259
82259
82264
82278
82316
82328
82334
82362
82377
82377
82386
82404
82423
82443
82443
82450
82470
82470
82473
82514
82526
82532
82548
82564
82584
82584
82594
82604
82631
82649
82653
82666
82691
82691
82698
82715
82725
82751
82758
82774
82795
82795
82801
82824
82857
82863
82863
82885
82894
82894
82899
82913
82942
82959
82969
82993
83007
83007
83023
83037
83048
83063
83073
83092
83109
83109
83109
83143
83163
83173
83182
83198
83219
83219
83230
83244
83264
83276
83276
83311
83323
83323
83328
83344
83360
83372
83382
83396
83432
83432
83438
83452
83466
83472
83482
83500
83515
83515
83522
83536
83554
83565
83573
83597
83617
83617
83628
83666
83676
83701
83701
83709
83736
83736
83741
83758
83775
83788
83802
83816
83828
83828
83834
83853
83885
83897
83900
83934
83952
83952
83956
83972
83988
84000
84014
84025
84043
84043
84053
84085
84096
84102
84102
84122
84134
84134
84136
84150
84168
84184
84189
84215
84248
84248
84263
84275
84289
84307
84313
84330
84354
84354
84358
84389
84414
84422
84433
84455
84463
84463
84472
84481
84524
84540
84540
84563
84576
84576
84581
84616
84627
84637
84647
84660
84696
84696
84703
84733
84761
84773
84779
84793
84806
84806
84806
84816
84834
84848
84856
84885
84901
84901
84914
84926
84936
84957
84957
84970
85005
85005
85006
85027
85052
85060
85078
85105
85118
85118
85124
85146
85164
85172
85179
85195
85215
85215
85222
85244
85262
85285
85291
85300
85328
85328
85334
85353
85365
85379
85379
85393
85405
85405
85415
85428
85464
85473
85478
85506
85522
85522
85538
85558
85571
85585
85593
85603
85624
85624
85626
85659
85679
85686
85696
85721
85734
85734
85741
85756
85782
85796
85796
85827
85847
85847
85851
85871
85880
85908
85919
85937
85951
85951
85960
85986
86012
86019
86025
86045
86059
86059
86062
86074
86116
86130
86139
86152
86180
86180
86192
86214
86222
86232
86232
86252
86276
86276
86278
86316
86328
86339
86355
86365
86379
86379
86394
86403
86425
86441
86445
86473
86488
86488
86488
86504
86522
86534
86542
86562
86592
86592
86597
86618
86644
86652
86652
86664
86674
86674
86677
86690
86713
86734
86743
86767
86785
86785
86796
86822
86839
86861
86867
86878
86910
86910
86916
86940
86950
86960
86972
87010
87020
87020
87036
87048
87071
87081
87081
87109
87136
87136
87142
87158
87173
87195
87207
87220
87239
87239
87244
87268
87282
87288
87300
87316
87330
87330
87334
87349
87376
87391
87397
87420
87443
87443
87461
87480
87494
87513
87513
87523
87539
87539
87539
87572
87606
87612
87622
87638
87649
87649
87655
87669
87698
87717
87722
87747
87756
87756
87763
87785
87797
87806
87823
87835
87877
87877
87882
87909
87925
87936
87936
87960
87979
87979
87982
87993
88023
88037
88046
88085
88109
88109
88123
88141
88153
88167
88175
88193
88214
88214
88214
88228
88249
88261
88275
88285
88293
88293
88306
88330
88352
88364
88364
88393
88420
88420
88422
88442
88452
88468
88474
88485
88513
88513
88522
88544
88561
88568
88579
88599
88610
88610
88614
88627
88658
88674
88679
88720
88744
88744
88751
88763
88781
88791
88791
88805
88821
88821
88825
88855
88868
88876
88896
88920
88936
88936
88944
88958
88980
88994
88997
89017
89045
89045
89050
89066
89080
89104
89112
89125
89144
89144
89151
89181
89203
89209
89209
89237
89249
89249
89254
89264
89291
89301
89311
89328
89348
89348
89365
89397
89406
89425
89431
89447
89482
89482
89485
89519
89535
89546
89559
89570
89586
89586
89595
89608
89633
89660
89660
89680
89695
89695
89704
89726
89746
89760
89768
89779
89804
89804
89809
89836
89856
89864
89874
89887
89900
89900
89900
89923
89949
89957
89966
89998
90019
90019
90027
90049
90063
90086
90086
90095
90132
90132
90134
90150
90164
90175
90185
90209
90220
90220
90237
90246
90285
90293
90297
90338
90350
90350
90354
90383
90396
90420
90433
90443
90458
90458
90466
90496
90519
90528
90528
90542
90556
90556
90559
90577
90611
90626
90632
90650
90674
90674
90694
90712
90723
90739
90748
90764
90789
90789
90792
90814
90828
90836
90846
90874
90892
90892
90900
90910
90930
90942
90942
90965
90990
90990
90992
91008
91023
91036
91050
91062
91090
91090
91098
91137
91153
91165
91175
91187
91196
91196
91204
91212
91228
91243
91249
91283
91294
91294
91309
91331
91355
91371
91371
91384
91419
91419
91422
91445
91481
91489
91501
91520
91529
91529
91537
91553
91576
91592
91598
91616
91642
91642
91642
91658
91670
91693
91701
91713
91756
91756
91761
91781
91796
91807
91807
91845
91853
91853
91853
91870
91887
91901
91909
91936
91952
91952
91963
91977
92000
92020
92030
92040
92057
92057
